timestep,action,reward,x_position
1,0.23003842,-0.19628897432926662,0.08233313837355503,-0.08998366121891505,-0.08998366121891505,-0.10630531311035157
2,-0.82931703,-0.959489540571284,0.05543878333900939,-0.5378871006909128,-0.5378871006909128,-0.4216024398803711
3,0.7926037,-0.8902726712182938,0.060135612348285135,0.09393658018551493,0.09393658018551493,-0.9842092514038087
4,-0.054519653,-0.2819038382451732,0.06695467462456407,0.13638124552557876,0.13638124552557876,-0.41828508377075196
5,-0.6175266,-1.268896259588596,0.03565260570946533,-0.6260413783019748,-0.6260413783019748,-0.6428548812866212
6,-0.060153365,0.07975848256068918,0.06323592969406718,0.5516664796920369,0.5516664796920369,-0.4719079971313477
7,1.7367516,0.6852445112350861,0.14206431927254512,1.5765677915695588,1.5765677915695588,-0.8913232803344727
8,0.831336,1.2899095329913683,0.23209653574831593,1.8006443295154162,1.8006443295154162,-0.5107347965240479
9,1.0307305,0.6005900905513453,0.29557836514313174,1.269636587896316,1.269636587896316,-0.6690464973449708
10,-1.1739616,-0.698247288690134,0.28885730968384477,-0.13442110918573946,-0.13442110918573946,-0.5638261795043945
11,0.30516374,0.5572733007056916,0.3370499589796884,0.9638529859168732,0.9638529859168732,-0.40657968521118165
12,2.0456376,1.6646963177925977,0.46412764844262155,2.5415537892586624,2.5415537892586624,-0.8768574714660645
13,1.2814835,1.5662146461301134,0.5698945641826599,2.1153383148007676,2.1153383148007676,-0.5491236686706543
14,-0.18563044,-0.27871518286094005,0.5804336142093822,0.2107810005344457,0.2107810005344457,-0.48949618339538575
15,0.21275413,-0.01943195417208954,0.6015742930548854,0.4228135769100638,0.4228135769100638,-0.44224553108215336
16,1.8569267,0.9188667402071793,0.6955847849495828,1.880209837893947,1.880209837893947,-0.9613430976867676
17,1.2101977,0.5989496284582793,0.7577394406736442,1.2430931144812285,1.2430931144812285,-0.6441434860229492
18,-1.0207447,-0.9501373251673124,0.7487744516850234,-0.17929977977241496,-0.17929977977241496,-0.7708375453948975
19,-1.2096434,-0.7954895664628454,0.7334545908621863,-0.3063972164567419,-0.3063972164567419,-0.4890923500061035
20,0.44598046,1.1992927480194644,0.8195996601059635,1.7229013848755437,1.7229013848755437,-0.5236086368560792
21,0.8347521,1.7845465003953587,0.9338113448669424,2.2842336952195774,2.2842336952195774,-0.49968719482421875
22,1.8102698,0.003629358107662073,0.9842859198051014,1.0094914987631798,1.0094914987631798,-1.0058621406555177
23,-1.6458681,-1.60233636613084,0.9283822295884642,-1.1180738043327443,-1.1180738043327443,-0.48426256179809574
24,1.1037238,-0.1451491686524572,0.9584225182910037,0.6008057740507899,0.6008057740507899,-0.7459549427032471
25,1.3851799,1.8356685692853727,1.0805060442207874,2.4416705185956755,2.4416705185956755,-0.6060019493103028
26,0.92321336,2.0352045544624024,1.2143004449556873,2.675888014697998,2.675888014697998,-0.6406834602355957
27,-0.21221352,0.39717970124029056,1.25380008553528,0.7899928115918531,0.7899928115918531,-0.3928131103515625
28,-0.04525432,0.423875054330797,1.3199145974528697,1.3222902383517932,1.3222902383517932,-0.8984151840209962
29,0.48400307,2.209450334602334,1.4514117633262054,2.629943317466714,2.629943317466714,-0.4204929828643799
30,1.3016016,1.8753098458619113,1.5700053391344682,2.371871516165256,2.371871516165256,-0.49656167030334475
31,-1.8823391,-0.20774767784282477,1.5935658855783255,0.471210928877146,0.471210928877146,-0.6789586067199708
32,0.455659,0.7417124844159252,1.6565093827620734,1.2588699436749584,1.2588699436749584,-0.5171574592590332
33,0.9876515,1.8269795787551635,1.7904411215570093,2.6786347758987183,2.6786347758987183,-0.8516551971435548
34,0.55777156,1.388532554530101,1.8760785008170227,1.7127475852002672,1.7127475852002672,-0.32421503067016605
35,-1.6500492,-0.8887427550427884,1.8617299117251616,-0.28697178183722194,-0.28697178183722194,-0.6017709732055665
36,0.9327232,0.6351793635625897,1.9227469880423291,1.2203415263433515,1.2203415263433515,-0.5851621627807617
37,0.94180465,2.5222914416265616,2.0690429608995666,2.92591945714475,2.92591945714475,-0.4036280155181885
38,1.1949706,2.5868737321214472,2.229459962649224,3.2083400349931512,3.2083400349931512,-0.6214663028717041
39,0.3473938,1.5095791195682273,2.319912653244869,1.809053811912893,1.809053811912893,-0.29947469234466556
40,-0.8728985,-0.298114857545702,2.349992180867767,0.6015905524579601,0.6015905524579601,-0.8997054100036621
41,-0.12750566,1.1870732755773408,2.430368231197537,1.607521006595407,1.607521006595407,-0.42044773101806643
42,1.0244753,2.170432951931012,2.561941760584249,2.631470587734235,2.631470587734235,-0.46103763580322266
43,0.9912994,2.452220259857682,2.7007447138847502,2.776059066010026,2.776059066010026,-0.3238388061523438
44,-0.89907026,0.8064127509874801,2.769304744668377,1.3712006156725387,1.3712006156725387,-0.5647878646850586
45,0.94527936,1.514794449054382,2.8645607706603724,1.9051205198399046,1.9051205198399046,-0.3903260707855225
46,0.744815,2.5411886726507116,3.0156617425314334,3.0220194374212195,3.0220194374212195,-0.48083076477050785
47,1.359203,2.3981319557598977,3.1567462711513374,2.821690572398081,2.821690572398081,-0.4235586166381836
48,-0.2259857,0.7586843584054449,3.2153951964461824,1.1729785058969,1.1729785058969,-0.4142941474914551
49,-0.08920345,0.9751742882265187,3.293006294947932,1.5522219700349904,1.5522219700349904,-0.5770476818084717
50,1.18954,2.313572021792655,3.431640866801725,2.772691437075858,2.772691437075858,-0.45911941528320316
51,0.80628264,2.05720429469893,3.568087123464009,2.728925133245683,2.728925133245683,-0.671720838546753
52,-1.9078698,-0.21905191353454934,3.599996342286183,0.638184376443478,0.638184376443478,-0.8572362899780274
53,-0.7456163,-0.03709974705869823,3.62400878371285,0.48024882853334283,0.48024882853334283,-0.5173485755920411
54,1.4408877,1.5132284573956754,3.733238333737938,2.1845910005017544,2.1845910005017544,-0.6713625431060791
55,1.1887083,2.236783019244487,3.861522295329053,2.5656792318223065,2.5656792318223065,-0.32889621257781987
56,0.343697,0.7296179202040761,3.935322775232079,1.4760095980605215,1.4760095980605215,-0.7463916778564453
57,-1.222801,-1.0282119215392957,3.9284358522126706,-0.1377384603881726,-0.1377384603881726,-0.8904734611511231
58,0.30359304,0.9166612877638084,3.9826891771494526,1.0850664987356406,1.0850664987356406,-0.16840521097183228
59,0.94930923,2.995240348282641,4.157029539385515,3.4868072447212395,3.4868072447212395,-0.49156689643859863
60,1.2533326,2.5066355730931056,4.318996845650949,3.239346125308682,3.239346125308682,-0.7327105522155762
61,-1.047597,0.2229771666945538,4.3391024236225935,0.4021115594328961,0.4021115594328961,-0.1791343927383423
62,-1.0083132,-0.2054078774284669,4.360419356277812,0.42633865310437,0.42633865310437,-0.6317465305328369
63,0.96752733,2.3609996673060287,4.502140799794786,2.834428870339476,2.834428870339476,-0.47342920303344727
64,0.8227968,2.7675739653588125,4.6795841867452825,3.5488677390099355,3.5488677390099355,-0.7812937736511231
65,1.5017678,2.1980342684165906,4.8149351475263416,2.7070192156211803,2.7070192156211803,-0.5089849472045899
66,-1.3477172,-0.38839836661705296,4.837057892769708,0.4424549048673221,0.4424549048673221,-0.830853271484375
67,0.5929966,0.9075297943590704,4.912190246631033,1.5026470772265021,1.5026470772265021,-0.5951172828674317
68,0.72746104,2.380916284179557,5.064609516841292,3.0483854042051917,3.0483854042051917,-0.6674691200256349
69,1.6963989,2.626989609023613,5.218869041485741,3.0851904928889695,3.0851904928889695,-0.45820088386535646
70,1.0761875,2.024036712618989,5.345429453891287,2.531208248110932,2.531208248110932,-0.5071715354919434
71,-0.16506267,0.38193545105275956,5.381904740256944,0.7295057273131356,0.7295057273131356,-0.347570276260376
72,-0.12540072,0.962706736657735,5.441642736315295,1.1947599211670124,1.1947599211670124,-0.23205318450927737
73,1.5516005,1.9258159443949365,5.582335260257759,2.8138504788492824,2.8138504788492824,-0.8880345344543458
74,0.051164985,2.8859482486928387,5.758533235932452,3.523959513493864,3.523959513493864,-0.6380112648010254
75,0.42298663,2.595343201736882,5.945391646438913,3.737168210129216,3.737168210129216,-1.141825008392334
76,-0.6274295,2.3026772316588144,6.075815042352222,2.608467918266175,2.608467918266175,-0.30579068660736086
77,0.71061087,2.5170362314294144,6.219811894197359,2.879937036902742,2.879937036902742,-0.36290080547332765
78,0.33915168,3.0215334300608427,6.3836137961557995,3.2760380391688138,3.2760380391688138,-0.2545046091079712
79,0.2919824,2.3680333632780313,6.529379398836608,2.915312053616166,2.915312053616166,-0.5472786903381348
80,-1.6632526,1.3132364904126135,6.625825997183838,1.928931966944596,1.928931966944596,-0.6156954765319824
81,0.17704111,2.2275189596539904,6.7601272696065395,2.686025448454039,2.686025448454039,-0.45850648880004885
82,0.8581383,3.700788324124505,6.974443829291158,4.2863311936923765,4.2863311936923765,-0.5855428695678712
83,0.9102328,3.6281761087629185,7.185708255590358,4.225288525983988,4.225288525983988,-0.5971124172210693
84,1.1357142,1.8643205701335226,7.324020958062488,2.7662540494426047,2.7662540494426047,-0.9019334793090821
85,-1.4088078,0.7830520840758431,7.3973821890134115,1.4672246190184701,1.4672246190184701,-0.684172534942627
86,-1.1648397,1.130373368438633,7.482714040742991,1.706637034591587,1.706637034591587,-0.5762636661529541
87,0.95139956,3.338045136082548,7.671638673607604,3.778492657292265,3.778492657292265,-0.4404475212097168
88,0.8093082,2.6995440844689194,7.843187216007777,3.430970848003465,3.430970848003465,-0.7314267635345459
89,-1.7918961,1.0165892288869456,7.927897433353461,1.6942043469136792,1.6942043469136792,-0.6776151180267335
90,-0.79294574,0.235468455125175,7.976777665725809,0.9776046474469524,0.9776046474469524,-0.7421361923217774
91,0.75423455,2.8291903944087635,8.144667487112507,3.357796427733959,3.357796427733959,-0.5286060333251953
92,0.7566059,3.023452301329847,8.333900505049177,3.7846603587334116,3.7846603587334116,-0.7612080574035645
93,1.5278225,1.932075709851648,8.461533321818463,2.5526563353857057,2.5526563353857057,-0.6205806255340577
94,-0.35661656,0.1381850049273453,8.498257797666026,0.7344895169512711,0.7344895169512711,-0.5963045120239258
95,-0.29376996,1.0639538180538424,8.56965917385238,1.42802752372706,1.42802752372706,-0.3640737056732178
96,0.84450895,2.1582787604669704,8.701444462164119,2.6357057662347927,2.6357057662347927,-0.47742700576782227
97,1.4104375,2.493393147434648,8.852846251970696,3.0280357961315474,3.0280357961315474,-0.5346426486968995
98,0.099243045,1.5801419124422948,8.97132589655445,2.369592891675083,2.369592891675083,-0.7894509792327882
99,0.08615294,1.7439011579968677,9.062656851017824,1.8266190892674672,1.8266190892674672,-0.08271793127059937
100,1.2466776,2.0247786055067167,9.193419590249306,2.6152547846296414,2.6152547846296414,-0.5904761791229248
101,1.2022487,2.6374490685427587,9.367318210592337,3.47797240686063,3.47797240686063,-0.8405233383178712
102,0.68195695,1.9689768346344123,9.529991157205345,3.253458932260145,3.253458932260145,-1.2844820976257325
103,-0.6104234,1.510874004812088,9.620838326150173,1.8169433788965605,1.8169433788965605,-0.30606937408447266
104,-0.5936849,1.791786554071733,9.730240525071487,2.188043978426286,2.188043978426286,-0.39625742435455324
105,1.2146184,3.3652852930582924,9.934341736688665,4.082024232343571,4.082024232343571,-0.7167389392852783
106,1.6793629,3.2229686661770542,10.125451295848196,3.822191183190604,3.822191183190604,-0.5992225170135498
107,0.717856,2.1183808521902647,10.248434735792761,2.4596687988913146,2.4596687988913146,-0.34128794670104984
108,-1.0978386,0.4664910222058096,10.307249101184516,1.1762873078350822,1.1762873078350822,-0.7097962856292725
109,-0.24438179,1.777330343618479,10.40727417530361,2.0005014823819067,2.0005014823819067,-0.22317113876342776
110,0.9185568,3.2980088308957933,10.591986177956036,3.694240053048503,3.694240053048503,-0.39623122215271
111,1.1803002,2.5279791120580497,10.75579581480665,3.2761927370122734,3.2761927370122734,-0.7482136249542237
112,-1.1598706,0.9200590445259479,10.836198140564289,1.608046515152779,1.608046515152779,-0.6879874706268311
113,-0.49666438,0.7187980215120517,10.896755611086455,1.2111494104433262,1.2111494104433262,-0.49235138893127445
114,0.35494208,1.6352031952863215,11.020979211745852,2.4844720131879328,2.4844720131879328,-0.8492688179016114
115,1.2570738,2.3255080130323393,11.176972770642555,3.1198711779340726,3.1198711779340726,-0.7943631649017334
116,0.81023043,1.9586378501055548,11.297205996098425,2.4046645091173957,2.4046645091173957,-0.44602665901184085
117,-0.8394254,-0.13153346153753498,11.323365998760837,0.5232000532482317,0.5232000532482317,-0.6547335147857667
118,-0.364401,0.29731545427771233,11.381333621030691,1.1593524453970971,1.1593524453970971,-0.8620369911193848
119,0.879346,2.3104428863287567,11.523814726833946,2.8496221160650848,2.8496221160650848,-0.5391792297363281
120,1.374534,1.8025132925376937,11.672761034885818,2.9789261610374496,2.9789261610374496,-1.176412868499756
121,1.3615956,1.292788205381767,11.762377742937804,1.7923341610397259,1.7923341610397259,-0.499545955657959
122,-1.1972446,-0.5321913116109954,11.754847273674546,-0.1506093852651702,-0.1506093852651702,-0.3815819263458252
123,1.048515,1.0590728985928477,11.837207952524476,1.6472135769986096,1.6472135769986096,-0.5881406784057618
124,1.1092749,1.9441379908131153,11.984058740538643,2.9370157602833302,2.9370157602833302,-0.9928777694702149
125,1.2076393,2.125163247173009,12.114661309025223,2.612051369731603,2.612051369731603,-0.48688812255859376
126,-0.3781038,0.9607200030559979,12.178144382160811,1.2696614627117597,1.2696614627117597,-0.30894145965576175
127,-0.44064844,1.0738094683261508,12.245628481408723,1.3496819849582309,1.3496819849582309,-0.27587251663208007
128,1.4452536,2.1008995311170438,12.385145899637854,2.79034836458262,2.79034836458262,-0.6894488334655762
129,0.12716949,2.1168077568441745,12.51698648918218,2.636811790886533,2.636811790886533,-0.5200040340423584
130,0.8155782,1.740224594957401,12.62006955349426,2.0616612862415806,2.0616612862415806,-0.32143669128417973
131,-1.404208,0.3512031509851766,12.676535279166382,1.129314513442452,1.129314513442452,-0.7781113624572754
132,0.23702587,1.1897978111836083,12.77152777754798,1.8998499676319724,1.8998499676319724,-0.7100521564483643
133,1.2766149,2.699198574830004,12.934814327345084,3.2657309959420644,3.2657309959420644,-0.5665324211120606
134,1.5531638,1.7615846515601445,13.068471834649959,2.6731501460974982,2.6731501460974982,-0.9115654945373536
135,-0.65675855,1.3526493039821004,13.178521454161197,2.2009923902247763,2.2009923902247763,-0.8483430862426758
136,-0.60451806,1.292596755524336,13.251276650757376,1.455103931923567,1.455103931923567,-0.16250717639923096
137,0.45704627,2.501214514836353,13.390361964368838,2.7817062722292363,2.7817062722292363,-0.2804917573928833
138,0.7106279,3.1071139857046957,13.565587495454533,3.504510621713912,3.504510621713912,-0.3973966360092163
139,1.6354511,1.5922852404849692,13.695160797166892,2.5914660342471763,2.5914660342471763,-0.999180793762207
140,-0.52620196,0.8754559543946967,13.780674470130768,1.7102734592775093,1.7102734592775093,-0.8348175048828126
141,-0.6600556,0.10651663551070945,13.824250335761741,0.8715173126194742,0.8715173126194742,-0.7650006771087647
142,1.3854774,1.8480834131355977,13.953605476114566,2.587102807056496,2.587102807056496,-0.7390193939208984
143,0.46248168,1.8141719695000318,14.064710753037291,2.2221055384544997,2.2221055384544997,-0.4079335689544678
144,-1.4744352,0.29034395897804466,14.108026612218188,0.8663171836179373,0.8663171836179373,-0.5759732246398926
145,-1.0368997,-0.25793410074667095,14.115306243946144,0.1455926345591152,0.1455926345591152,-0.40352673530578614
146,0.86074793,1.7527356901927291,14.2247422828732,2.188720778541118,2.188720778541118,-0.43598508834838867
147,1.8337692,1.559584762991011,14.333580583694411,2.1767660164242386,2.1767660164242386,-0.6171812534332276
148,-0.71341354,0.8348714590873229,14.389072320825719,1.1098347426261412,1.1098347426261412,-0.2749632835388184
149,-0.53011036,0.08321673132083163,14.408378107543204,0.38611573434970126,0.38611573434970126,-0.30289900302886963
150,1.2527285,1.316119603057062,14.508869346561413,2.009824780364191,2.009824780364191,-0.693705177307129
151,0.69991684,2.1864068279094324,14.64404622815998,2.7035376319713222,2.7035376319713222,-0.5171308040618897
152,0.38611847,1.0783697476174496,14.723708159506764,1.5932386269356869,1.5932386269356869,-0.5148688793182373
153,-0.16837966,-0.21323069826445362,14.752033915452763,0.5665151189199946,0.5665151189199946,-0.7797458171844482
154,1.2106125,0.855535323942398,14.818926005670269,1.3378418043501128,1.3378418043501128,-0.48230648040771484
155,1.837884,1.6003009516888,14.925914355619058,2.1397669989757873,2.1397669989757873,-0.5394660472869873
156,0.85098,1.498961867597569,15.015784414597997,1.7974011795787703,1.7974011795787703,-0.29843931198120116
157,-0.6303376,0.3107026529564564,15.068244464943726,1.0492010069145863,1.0492010069145863,-0.7384983539581299
158,1.368954,1.33639349021189,15.17845112332578,2.204133167641089,2.204133167641089,-0.8677396774291992
159,1.1938154,3.0613020043220587,15.354203491799025,3.515047369464881,3.515047369464881,-0.45374536514282227
160,0.9513267,2.5727149223933097,15.50045901464446,2.9251104569086905,2.9251104569086905,-0.35239553451538086
161,-0.60739493,0.922998341261642,15.562853722261588,1.2478941523425746,1.2478941523425746,-0.32489581108093263
162,-0.80498666,0.40098251272176233,15.62560450233188,1.2550156014058444,1.2550156014058444,-0.8540330886840821
163,2.083383,1.6724833725188546,15.762191498640318,2.731739926168757,2.731739926168757,-1.0592565536499023
164,1.340604,2.488187857679223,15.905239471369708,2.8609594545877925,2.8609594545877925,-0.37277159690856937
165,-1.4760978,-0.3549259495272751,15.92663619738425,0.4279345202908402,0.4279345202908402,-0.7828604698181153
166,-0.56786007,0.5386049196925669,15.97222213093945,0.9117186711040048,0.9117186711040048,-0.373113751411438
167,1.4576011,2.0925186702996483,16.116681638749476,2.8891901562005273,2.8891901562005273,-0.796671485900879
168,1.0538948,1.8866005304064088,16.263551052019064,2.9373882653917605,2.9373882653917605,-1.0507877349853516
169,-0.86751556,1.2538392166874275,16.339216563411526,1.5133102278492316,1.5133102278492316,-0.2594710111618042
170,0.5004276,1.4107311533334665,16.41997308725137,1.6151304767969066,1.6151304767969066,-0.20439932346343995
171,1.1235666,2.785513459158935,16.585711553559538,3.3147693261633293,3.3147693261633293,-0.5292558670043945
172,1.1595091,2.4052269438418845,16.747585749987167,3.237483928552578,3.237483928552578,-0.8322569847106934
173,-1.3670008,0.7953409523872437,16.810095026114524,1.2501855225471559,1.2501855225471559,-0.45484457015991214
174,-1.0513098,0.4455704237542051,16.869496178375233,1.188023045214166,1.188023045214166,-0.7424526214599609
175,0.93167305,3.043209806308991,17.04405038645649,3.491084161625153,3.491084161625153,-0.44787435531616215
176,1.0766943,3.2602771748294175,17.233678942177484,3.7925711144198715,3.7925711144198715,-0.5322939395904541
177,1.2278142,2.106755559211945,17.376959310851582,2.8656073734819643,2.8656073734819643,-0.7588518142700196
178,-0.8542958,0.550051061128525,17.421612876328663,0.893071309541611,0.893071309541611,-0.343020248413086
179,-0.8638811,0.9985730898676053,17.50058665964437,1.5794756663141385,1.5794756663141385,-0.5809025764465332
180,0.18401599,3.30991421239803,17.678369859440068,3.55566399591396,3.55566399591396,-0.2457497835159302
181,1.4979274,3.137587525743297,17.874694841005248,3.9264996313035994,3.9264996313035994,-0.7889121055603028
182,-0.6856746,2.3066568458859678,18.01294296316481,2.7649624431912656,2.7649624431912656,-0.45830559730529785
183,-1.0897708,1.5929203333343054,18.117564029327223,2.092421323248246,2.092421323248246,-0.49950098991394043
184,0.03626734,3.065431103296973,18.285202610582694,3.352771625109412,3.352771625109412,-0.28734052181243896
185,0.17178112,3.604987862271744,18.485153947093803,3.999026730222184,3.999026730222184,-0.39403886795043946
186,0.43999094,2.6911011512883904,18.648936347263813,3.2756480034002067,3.2756480034002067,-0.5845468521118165
187,-1.5129215,1.6079484137461264,18.769398045600045,2.409233966724642,2.409233966724642,-0.8012855529785157
188,-0.20802581,2.119164527278096,18.88908317874038,2.3937026628066604,2.3937026628066604,-0.2745381355285645
189,0.03229642,2.7905141805212197,19.051366711233694,3.2456706498663124,3.2456706498663124,-0.4551564693450928
190,0.60206044,1.4119503210383186,19.146895705785976,1.9105798910456429,1.9105798910456429,-0.4986295700073242
191,-0.30367923,1.0482654381403194,19.234052787393004,1.7431416321405635,1.7431416321405635,-0.6948761940002441
192,-0.23770583,0.4881056519021143,19.300977582164624,1.3384958954323878,1.3384958954323878,-0.8503902435302735
193,1.6557498,1.708353424571041,19.41678940460396,2.3162364487867393,2.3162364487867393,-0.6078830242156983
194,0.23308718,1.7205816044340339,19.52240817479568,2.1123754038343634,2.1123754038343634,-0.3917937994003296
195,-1.4052366,0.0993952507390361,19.55072418262148,0.5663201565160136,0.5663201565160136,-0.46692490577697754
196,1.0772318,0.7417878427711542,19.625642966716367,1.4983756818977412,1.4983756818977412,-0.756587839126587
197,0.5018559,1.8633470831621848,19.746877990742945,2.4247004805315697,2.4247004805315697,-0.5613533973693848
198,0.2731988,1.6404692564471843,19.850355363439267,2.0695474539264325,2.0695474539264325,-0.4290781974792481
199,0.7687986,1.9576848284848012,19.964661268624646,2.2861181037075795,2.2861181037075795,-0.3284332752227783
200,1.2402043,0.8476535239696203,20.031015089976172,1.3270764270305335,1.3270764270305335,-0.4794229030609131
201,-0.96610767,-0.6495903797191147,20.04624975670494,0.3046933345753189,0.3046933345753189,-0.9542837142944336
202,0.27162898,1.5267541188672311,20.147974475606826,2.0344943780377633,2.0344943780377633,-0.5077402591705322
203,0.8144214,4.230989944127384,20.373820691649026,4.516924320843998,4.516924320843998,-0.28593437671661376
204,1.1549181,3.6696119720500433,20.588863337256228,4.3008529121440375,4.3008529121440375,-0.6312409400939942
205,1.604256,2.325846593741224,20.731775680657126,2.8582468680179574,2.8582468680179574,-0.5324002742767334
206,-1.0995605,0.5609280259082396,20.782940172582116,1.0232898384997924,1.0232898384997924,-0.46236181259155273
207,-0.1447829,2.1450914056318964,20.914031861012514,2.6218337686079707,2.6218337686079707,-0.47674236297607425
208,1.1825168,3.4632985968981247,21.12522425858508,4.223847951451347,4.223847951451347,-0.7605493545532227
209,0.58446616,3.4071213416961768,21.325149372167235,3.9985022716430763,3.9985022716430763,-0.5913809299468994
210,-1.2746575,1.8601016955414051,21.46282969746097,2.7536065058746573,2.7536065058746573,-0.893504810333252
211,0.97540104,3.0290573761483133,21.62826799388641,3.3087659285088478,3.3087659285088478,-0.27970855236053466
212,1.108981,3.3369778140505675,21.837817857146007,4.190997265191925,4.190997265191925,-0.8540194511413575
213,0.9541165,3.0774485795552264,22.036610978567616,3.9758624284321797,3.9758624284321797,-0.8984138488769532
214,1.5279908,2.895696207483198,22.203945394311344,3.346688314874555,3.346688314874555,-0.4509921073913574
215,-0.44568217,1.700508053289417,22.30170629015895,1.9552179169521366,1.9552179169521366,-0.25470986366271975
216,-0.7766419,2.132173692461632,22.41788201737122,2.323514544245384,2.323514544245384,-0.19134085178375246
217,1.6110525,3.660565255925539,22.630244307934678,4.247245811269167,4.247245811269167,-0.586680555343628
218,1.2829685,4.889698226687218,22.902295625995876,5.441026361223962,5.441026361223962,-0.5513281345367432
219,0.51056325,3.5830523434133768,23.126962178255656,4.493331045195603,4.493331045195603,-0.9102787017822266
220,-0.85160196,0.8880808520656301,23.213280025866872,1.7263569522243216,1.7263569522243216,-0.8382761001586915
221,1.0999355,2.1807563887255554,23.355366117436024,2.841721831383026,2.841721831383026,-0.6609654426574707
222,0.59499323,3.0345619744803742,23.548315472416146,3.8589870996024445,3.8589870996024445,-0.8244251251220703
223,1.5494016,2.4098511440409736,23.704138895001343,3.1164684517039376,3.1164684517039376,-0.7066173076629639
224,-0.80175227,1.1996719576341632,23.779519579026545,1.5076136805040363,1.5076136805040363,-0.3079417228698731
225,0.18575269,1.7316459945471507,23.89862634526849,2.382135324838899,2.382135324838899,-0.650489330291748
226,0.5744041,2.9220802981125273,24.077911746168073,3.585708017991678,3.585708017991678,-0.6636277198791505
227,1.0759693,3.3757695760762063,24.270840394592398,3.8585729684864845,3.8585729684864845,-0.48280339241027836
228,1.2994602,2.9025291013714822,24.441782362794974,3.4188393640515358,3.4188393640515358,-0.5163102626800538
229,-0.9960219,1.6479596725643801,24.545988281661078,2.0841183773220706,2.0841183773220706,-0.4361587047576905
230,-1.3196127,1.4484348719195737,24.64444484533686,1.969131273515643,1.969131273515643,-0.5206964015960693
231,1.3901064,3.3567253538476107,24.843267562747716,3.9764543482171177,3.9764543482171177,-0.6197289943695069
232,1.2806692,4.25505367217215,25.086379516928986,4.862239083625397,4.862239083625397,-0.6071854114532471
233,1.0169976,2.690988959524893,25.247145061783282,3.215310897085928,3.215310897085928,-0.5243219375610352
234,-1.128079,0.9446973589098405,25.31078261656311,1.272751095596547,1.272751095596547,-0.32805373668670657
235,1.1877134,1.922817921421648,25.45847350042716,2.953817677281023,2.953817677281023,-1.030999755859375
236,1.0848528,4.03165654797736,25.67381238485003,4.306777688457402,4.306777688457402,-0.2751211404800415
237,1.1025535,2.4175821108197937,25.82191066668344,2.9619656366681824,2.9619656366681824,-0.5443835258483887
238,-1.2654883,0.02682875824026487,25.865766552761347,0.877117721558136,0.877117721558136,-0.8502889633178712
239,-1.2321507,0.6078362842608753,25.9477073915563,1.638816775899059,1.638816775899059,-1.0309804916381837
240,1.187876,2.557181764071328,26.11556082923954,3.3570687536648336,3.3570687536648336,-0.7998869895935059
241,0.39562297,3.033094276402218,26.281227634219473,3.3133360995986294,3.3133360995986294,-0.28024182319641117
242,-0.67014587,1.6752451809205269,26.3909944937904,2.1953371914185738,2.1953371914185738,-0.5200920104980469
243,-0.54689366,2.0650746652994827,26.524498974259203,2.6700896093760207,2.6700896093760207,-0.6050149440765381
244,0.73759425,3.084104664053089,26.697923704904102,3.4684946128979988,3.4684946128979988,-0.3843899488449097
245,0.7321187,3.0092299217224197,26.884358335031056,3.72869260253907,3.72869260253907,-0.7194626808166504
246,-0.97091365,2.2740766208701984,27.016572923759274,2.6442917745643513,2.6442917745643513,-0.37021515369415287
247,-0.39532954,2.0605427027645504,27.134583253963953,2.360206604093591,2.360206604093591,-0.2996639013290405
248,-0.96505606,2.2715551774710008,27.283728892514322,2.9829127710073777,2.9829127710073777,-0.711357593536377
249,-0.0008723736,3.3727864263971696,27.466157450379743,3.6485711573084245,3.6485711573084245,-0.2757847309112549
250,1.2589796,3.1836024773950187,27.654121594196546,3.7592828763360586,3.7592828763360586,-0.5756803989410401
251,-1.0240828,1.8456973912054764,27.773138550892135,2.380339133911775,2.380339133911775,-0.5346417427062988
252,-1.4906406,1.5781854272346578,27.881738290565178,2.171994793460854,2.171994793460854,-0.5938093662261963
253,1.9318006,3.2659976499895604,28.072761316165394,3.820460512004331,3.820460512004331,-0.5544628620147706
254,0.54174364,3.3303831664556838,28.256178157631794,3.6683368293279983,3.6683368293279983,-0.3379536628723145
255,-0.85003376,1.5108259635593329,28.341409148664642,1.7046198206569585,1.7046198206569585,-0.19379385709762575
256,-1.1113694,0.7100814851223674,28.40032315458046,1.1782801183163372,1.1782801183163372,-0.46819863319396976
257,0.99749756,1.9901617792563768,28.52540941336597,2.5017251757102343,2.5017251757102343,-0.5115633964538574
258,1.582607,2.8119458677822307,28.696972640554826,3.431264543777104,3.431264543777104,-0.6193186759948731
259,1.6285889,2.4628762454235984,28.85935250009392,3.2475971907818746,3.2475971907818746,-0.7847209453582764
260,-1.0308688,1.010781314876877,28.93242013315191,1.461352661159836,1.461352661159836,-0.45057134628295903
261,-0.34106135,0.8375466519577088,29.007881988950786,1.5092371159774842,1.5092371159774842,-0.6716904640197754
262,0.6136815,3.152211394625604,29.17134652336846,3.269290688353479,3.269290688353479,-0.11707929372787476
263,0.3479064,3.1165517262915303,29.351409253344535,3.6012545995215106,3.6012545995215106,-0.4847028732299805
264,1.8126953,2.2884840903600407,29.49455833331267,2.862981599362726,2.862981599362726,-0.5744975090026856
265,-1.3473897,0.032156628422953304,29.532450957157067,0.7578524768879191,0.7578524768879191,-0.7256958484649658
266,0.8767953,1.7645410091813147,29.64564893247041,2.263959506266886,2.263959506266886,-0.4994184970855713
267,0.8127128,3.774666770591344,29.853385001846384,4.154721387519444,4.154721387519444,-0.3800546169281006
268,1.4715879,2.9504170116101505,30.036169347872143,3.65568692051518,3.65568692051518,-0.7052699089050294
269,-1.1209345,0.9909435301103571,30.099140658632116,1.2594262151994684,1.2594262151994684,-0.26848268508911133
270,-0.23217034,1.0256753868415331,30.171748378264873,1.4521543926551317,1.4521543926551317,-0.42647900581359866
271,0.8626259,2.4351631942185548,30.31256697565509,2.8163719478043703,2.8163719478043703,-0.38120875358581546
272,0.53241324,2.3214119375648634,30.46560444236442,3.0607493341865677,3.0607493341865677,-0.7393373966217042
273,-1.1702526,0.7712204709960729,30.538526921354745,1.4584495798064978,1.4584495798064978,-0.6872291088104249
274,-1.1467292,0.7798175178664735,30.611053041712943,1.4505224071639589,1.4505224071639589,-0.6707048892974854
275,0.7592258,2.4248223708726755,30.74646455658455,2.7082302974321237,2.7082302974321237,-0.28340792655944824
276,0.78605735,2.3718138555642185,30.89222976508694,2.915304170047861,2.915304170047861,-0.5434903144836426
277,-0.5116383,1.4915910298987227,31.004151833957824,2.2384413774176437,2.2384413774176437,-0.746850347518921
278,-1.4119952,0.5936384940293805,31.065740790195395,1.2317791247514265,1.2317791247514265,-0.638140630722046
279,1.6684736,1.5686309604692412,31.1876444804384,2.4380738048601103,2.4380738048601103,-0.8694428443908692
280,1.4485283,2.9140101612542537,31.364959602034133,3.546302431914654,3.546302431914654,-0.6322922706604004
281,0.52503884,2.3743965614193856,31.513879329778565,2.9783945548886237,2.9783945548886237,-0.6039979934692383
282,-0.5186635,1.223998824910734,31.619325434392326,2.108922092275236,2.108922092275236,-0.884923267364502
283,-1.2758746,1.0900136113266057,31.70172717315568,1.6480347752670355,1.6480347752670355,-0.5580211639404297
284,0.6439216,2.7421203405678996,31.863870891313987,3.242874363166166,3.242874363166166,-0.5007540225982666
285,1.0360093,3.862161949861121,32.08052541987165,4.333090571153235,4.333090571153235,-0.47092862129211427
286,0.988032,2.578728111908748,32.23823275861833,3.1541467749336505,3.1541467749336505,-0.5754186630249024
287,-0.5271741,0.7105594753796651,32.295121847366104,1.1377817749554708,1.1377817749554708,-0.4272222995758057
288,-0.20402741,1.5615250661825713,32.38082334433902,1.714029939458328,1.714029939458328,-0.15250487327575685
289,0.5492482,2.5321807272546666,32.5395112095134,3.1737573034875766,3.1737573034875766,-0.6415765762329102
290,1.5973806,2.2987885080172985,32.693807639079914,3.085928591330287,3.085928591330287,-0.7871400833129883
291,0.74641097,2.127420820185108,32.821827718880826,2.560401596018238,2.560401596018238,-0.4329807758331299
292,-1.3520131,0.26277888170677666,32.877675837122354,1.116962364830556,1.116962364830556,-0.8541834831237793
293,-0.26314586,2.016085570638603,32.99521157336455,2.3507147248439253,2.3507147248439253,-0.3346291542053223
294,0.70603013,2.8943120082861014,33.15477303259119,3.1912291845327445,3.1912291845327445,-0.2969171762466431
295,1.5217612,2.1860574090961165,33.309151348221164,3.0875663125995345,3.0875663125995345,-0.9015089035034181
296,0.40555823,1.7813377325610702,33.41571088678861,2.131190771348912,2.131190771348912,-0.3498530387878418
297,-0.6003704,0.7493296788454984,33.474068381492145,1.1671498940707181,1.1671498940707181,-0.4178202152252197
298,0.9478713,1.3021403653238566,33.56095829389286,1.7377982480142862,1.7377982480142862,-0.4356578826904297
299,-0.5332448,1.5560788148391396,33.655691735929906,1.894668840740934,1.894668840740934,-0.33859002590179443
300,1.2296119,1.3588310841267686,33.759000678861526,2.0661788586323837,2.0661788586323837,-0.7073477745056153
301,0.83115983,1.945226582839473,33.87205263262203,2.2610390752100784,2.2610390752100784,-0.3158124923706055
302,0.65291977,1.4615454056480075,33.962653635089794,1.812020049355283,1.812020049355283,-0.35047464370727544
303,-1.764627,-0.45189067714892994,33.997109787114915,0.6891230405024373,0.6891230405024373,-1.1410137176513673
304,1.7756445,1.2492965956689317,34.097694653023545,2.011697318172594,2.011697318172594,-0.7624007225036622
305,1.6243334,2.0315795420505083,34.241351672156405,2.8731403826571977,2.8731403826571977,-0.8415608406066895
306,1.4900622,1.9195794888894624,34.37068433770195,2.586653310910947,2.586653310910947,-0.6670738220214845
307,-1.1190823,0.8647930272421206,34.44985870671924,1.5834873803457583,1.5834873803457583,-0.7186943531036377
308,-1.1764348,1.1290791723120095,34.532637338033815,1.6555726262915016,1.6555726262915016,-0.5264934539794922
309,1.5424278,3.1379127258094797,34.71798442181117,3.7069416755470286,3.7069416755470286,-0.5690289497375488
310,0.56002,3.140573099582485,34.893415233620125,3.508616236179165,3.508616236179165,-0.3680431365966797
311,0.2349748,1.857509568359393,35.01067667452436,2.3452288180847347,2.3452288180847347,-0.4877192497253418
312,-1.3169799,1.0171257868212706,35.085271131151345,1.4918891325396544,1.4918891325396544,-0.4747633457183838
313,0.6391792,2.048220563280455,35.21259338177325,2.54644501243817,2.54644501243817,-0.49822444915771485
314,1.3847444,3.2158418788330723,35.41320983274768,4.01232901948859,4.01232901948859,-0.7964871406555176
315,1.2640328,2.8140034626016357,35.58269306261376,3.3896645973214845,3.3896645973214845,-0.5756611347198487
316,-1.2389851,1.1408057377661804,35.66175433796642,1.58122550705329,1.58122550705329,-0.4404197692871094
317,-0.94920355,1.3799300612061358,35.747352632408564,1.7119658888428546,1.7119658888428546,-0.3320358276367188
318,1.4639126,2.772373782513699,35.92621135659132,3.5771744836550567,3.5771744836550567,-0.8048007011413575
319,0.7022302,3.591787763655566,36.12524257111763,3.9806242905262934,3.9806242905262934,-0.38883652687072756
320,1.1312182,3.11393945918976,36.30048150980016,3.5047787736505143,3.5047787736505143,-0.39083931446075443
321,-1.2342081,1.033925591575314,36.38004182593898,1.591206322776486,1.591206322776486,-0.5572807312011719
322,0.28564954,1.9784487451204087,36.50435617088696,2.48628689895952,2.48628689895952,-0.5078381538391114
323,2.2938542,2.957570338407595,36.694253063204066,3.7979378463421654,3.7979378463421654,-0.8403675079345704
324,1.1152996,2.7053694492310454,36.86090798023425,3.3330983406037262,3.3330983406037262,-0.6277288913726807
325,0.22175002,1.8070174919517457,36.96975992318549,2.1770388590248047,2.1770388590248047,-0.3700213670730591
326,-0.85307014,0.5682633567042104,37.0187589116956,0.9799797702021351,0.9799797702021351,-0.4117164134979248
327,0.8673158,1.9717860258816642,37.15141029337298,2.65302763354768,2.65302763354768,-0.6812416076660157
328,1.1648662,4.2500061329814,37.38916272528527,4.7550486382456825,4.7550486382456825,-0.5050425052642823
329,0.7494619,3.226468527094693,37.58267332977492,3.870212089793057,3.870212089793057,-0.6437435626983643
330,-0.72724485,1.6942057945851787,37.68941052313348,2.134743867171238,2.134743867171238,-0.4405380725860596
331,-1.284482,1.564111670409875,37.79106227078514,2.033034953033166,2.033034953033166,-0.468923282623291
332,0.446325,2.815580635792787,37.950515864552166,3.1890718753405167,3.1890718753405167,-0.3734912395477295
333,1.5312996,2.894244620132844,38.13581060459964,3.705894800949494,3.705894800949494,-0.8116501808166504
334,-0.13017935,2.3539973861450507,38.26350302809467,2.5538484699005437,2.5538484699005437,-0.19985108375549318
335,-1.0232866,0.8120104101186484,38.33963118083708,1.5225630548482627,1.5225630548482627,-0.7105526447296143
336,0.47216606,1.9732036227548009,38.46861282412921,2.5796328658425693,2.5796328658425693,-0.6064292430877686
337,0.0020213127,2.8926317423714636,38.64210506369453,3.4698447913064,3.4698447913064,-0.5772130489349365
338,0.43518198,2.387533229005908,38.79007208483263,2.9593404227620113,2.9593404227620113,-0.5718071937561036
339,-1.4471319,0.8988840841547358,38.87273610620193,1.653280427385937,1.653280427385937,-0.7543963432312012
340,-0.92453086,1.137471875007418,38.94430009554594,1.4312797868802818,1.4312797868802818,-0.29380791187286376
341,0.36837578,1.7242757328683467,39.082381429224576,2.7616266735726924,2.7616266735726924,-1.0373509407043457
342,-0.19105634,2.3080854947236444,39.212529542271,2.6029622609284786,2.6029622609284786,-0.294876766204834
343,0.3599589,2.253208075469422,39.350334661353614,2.7561023816522834,2.7561023816522834,-0.5028943061828614
344,1.0497699,2.608338159639618,39.50447479969753,3.0828027668783875,3.0828027668783875,-0.47446460723876954
345,0.60470426,1.824921962348128,39.64443033804626,2.799110766974593,2.799110766974593,-0.9741888046264648
346,0.8173844,1.9827117141452448,39.764419402662064,2.399781292316021,2.399781292316021,-0.4170695781707764
347,0.08976933,0.9247746884100763,39.825649556397906,1.224603074716839,1.224603074716839,-0.29982838630676273
348,-1.7727362,-0.19770410948730166,39.85126556638146,0.5123201996710236,0.5123201996710236,-0.7100243091583253
349,-2.0727038,1.1581183639315555,39.9464613615159,1.9039159026888797,1.9039159026888797,-0.7457975387573242
350,1.0800729,2.664662965972957,40.110876317332554,3.2882991163330644,3.2882991163330644,-0.6236361503601074
351,1.1916755,2.3788064196565473,40.25708313592738,2.9241363718965374,2.9241363718965374,-0.5453299522399903
352,-0.68989897,-0.3525331049813588,40.27360319250464,0.3304011315451305,0.3304011315451305,-0.6829342365264893
353,-0.9665856,-0.05010139410530323,40.308944144451594,0.7068190389391305,0.7068190389391305,-0.7569204330444337
354,0.7141726,2.4849164653231752,40.47618914469682,3.344900004904474,3.344900004904474,-0.8599835395812989
355,0.8202774,2.5405194503456814,40.6408127400855,3.2924719077736597,3.2924719077736597,-0.7519524574279786
356,0.69084144,1.3952313560540404,40.73924274727648,1.9686001438195433,1.9686001438195433,-0.5733687877655029
357,-0.6465014,-0.3836731154373183,40.736468381341496,-0.0554873186996474,-0.0554873186996474,-0.3281857967376709
358,1.1359009,0.09360279578220343,40.77866068047814,0.843845982732887,0.843845982732887,-0.7502431869506836
359,1.4490031,1.7943573226963623,40.89604455031703,2.347677396777783,2.347677396777783,-0.5533200740814209
360,0.52814114,2.063093790929321,41.021053921832184,2.5001874303031,2.5001874303031,-0.4370936393737793
361,0.69108355,1.2310423979835092,41.123619811834814,2.051317800052601,2.051317800052601,-0.8202754020690919
362,-0.1615172,1.3341780125301455,41.193668757078974,1.4009789048832033,1.4009789048832033,-0.06680089235305786
363,0.46570596,1.2496244607132212,41.282146963165935,1.7695641217392222,1.7695641217392222,-0.519939661026001
364,1.3021932,1.9786804326460583,41.40296369763927,2.416334689466737,2.416334689466737,-0.4376542568206787
365,1.5694827,1.7243478520678424,41.52291475141744,2.3990210755633257,2.3990210755633257,-0.6746732234954834
366,-1.4381807,-0.18081042881969445,41.5462207742422,0.466120456495247,0.466120456495247,-0.6469308853149415
367,-0.26500446,-0.0722188857524827,41.572065210394335,0.5168887230426833,0.5168887230426833,-0.589107608795166
368,2.2386322,1.2379257148614387,41.672090344213274,2.0005026763787725,2.0005026763787725,-0.762576961517334
369,1.950032,1.8074025014620871,41.80953166870349,2.7488264898043724,2.7488264898043724,-0.9414239883422852
370,1.5065422,1.5543095179817557,41.928996378802104,2.389294201972234,2.389294201972234,-0.8349846839904785
371,-0.5711585,0.25753022326284736,41.95509114381618,0.5218953002815852,0.5218953002815852,-0.2643650770187378
372,-0.8886701,0.7569926804948466,42.01933859020741,1.2849489278245585,1.2849489278245585,-0.5279562473297119
373,0.76891106,2.3530921230799264,42.15147743975435,2.6427769909388132,2.6427769909388132,-0.28968486785888675
374,1.062137,2.3221492815032376,42.30683535396379,3.1071582841887846,3.1071582841887846,-0.785009002685547
375,1.1461912,1.4138041366907204,42.40160427087752,1.8953783382745826,1.8953783382745826,-0.4815742015838623
376,-1.4115393,-0.9078193958442342,42.38870490636714,-0.25798729020763744,-0.25798729020763744,-0.6498321056365968
377,0.17432314,-0.06648297607300158,42.41435283254899,0.5129585236370815,0.5129585236370815,-0.5794414997100831
378,0.67936075,1.6353845476972027,42.51102502476425,1.9334438443051738,1.9334438443051738,-0.2980592966079712
379,1.1825935,1.6196788881337738,42.618866741044414,2.1568343256032563,2.1568343256032563,-0.5371554374694825
380,-0.7111604,0.4291862626390468,42.65543687113193,0.731402601750375,0.731402601750375,-0.30221633911132817
381,-1.0647236,0.024549028282058294,42.68668450706294,0.6249527186201931,0.6249527186201931,-0.6004036903381348
382,1.0671425,1.556310555022287,42.7865632591297,1.9975750413351534,1.9975750413351534,-0.44126448631286624
383,0.90572524,2.0995223991917045,42.90634931060593,2.395721029524651,2.395721029524651,-0.2961986303329468
384,-0.9534109,-0.4689876383945887,42.901002981063904,-0.10692659084057254,-0.10692659084057254,-0.36206104755401614
385,-1.5805082,-0.47368679316457474,42.91177365468082,0.21541347233835495,0.21541347233835495,-0.6891002655029297
386,1.4425311,2.3151822319233473,43.05232902329603,2.811107372304207,2.811107372304207,-0.4959251403808594
387,0.44706243,2.4592492492884674,43.18882744548107,2.729968443700699,2.729968443700699,-0.27071919441223147
388,-0.64797676,-0.3809340851784271,43.21214659262443,0.46638294286722726,0.46638294286722726,-0.8473170280456543
389,-1.1986961,0.7396934426128154,43.26542774326497,1.0656230128108746,1.0656230128108746,-0.3259295701980591
390,1.48168,1.7529952318605637,43.377569723352416,2.2428396017488694,2.2428396017488694,-0.4898443698883057
391,0.6311004,2.412260792775703,43.51510870708109,2.7507796745734936,2.7507796745734936,-0.33851888179779055
392,-0.97543734,1.0756029736004222,43.588238182848514,1.4625895153484691,1.4625895153484691,-0.3869865417480469
393,-0.28554782,1.2863090823567291,43.67274577849925,1.690151913014688,1.690151913014688,-0.403842830657959
394,1.5012145,2.5261774328285185,43.81752043135253,2.895493057065579,2.895493057065579,-0.36931562423706055
395,1.7373745,2.1594933668057705,43.96215274777936,2.8926463285367277,2.8926463285367277,-0.7331529617309571
396,-0.5898915,0.3998445402194988,44.01736503037048,1.104245651822282,1.104245651822282,-0.7044011116027833
397,0.13624701,0.5166909021107471,44.06525414519724,0.9577822965351857,0.9577822965351857,-0.4410913944244385
398,0.5475817,2.0678073661172447,44.17505222620108,2.1959616200769005,2.1959616200769005,-0.12815425395965577
399,0.745818,1.9451436829328372,44.29450129248121,2.388981325602515,2.388981325602515,-0.44383764266967773
400,0.5310172,1.6839904712308453,44.38793111146244,1.8685963796247052,1.8685963796247052,-0.18460590839385987
401,-0.71445334,0.2893974946515982,44.42520778322261,0.745533435203356,0.745533435203356,-0.4561359405517578
402,0.98881114,1.505839107460389,44.531376291654254,2.1233701686328743,2.1233701686328743,-0.6175310611724854
403,1.7490301,2.9249423860983144,44.70857094838135,3.543893134541918,3.543893134541918,-0.6189507484436035
404,2.1524148,1.6430763181210977,44.83337990325683,2.4961790975095255,2.4961790975095255,-0.8531027793884278
405,-1.062241,0.74315646531835,44.884830723644555,1.0290164077545683,1.0290164077545683,-0.28585994243621826
406,-0.8525404,0.3636826700103143,44.93142419991088,0.9318695253264764,0.9318695253264764,-0.5681868553161621
407,0.8187766,2.2801666853432208,45.05848221178844,2.5411602375511677,2.5411602375511677,-0.2609935522079468
408,1.0379152,2.5908785850115637,45.22027470003712,3.2358497649737217,3.2358497649737217,-0.6449711799621582
409,1.4852246,1.6170172182220939,45.34313059444127,2.4571178880829336,2.4571178880829336,-0.8401006698608399
410,-0.5051179,0.3542140359083703,45.373285327475244,0.6030946606794885,0.6030946606794885,-0.24888062477111816
411,-1.1809093,0.3104226724178602,45.411374374628394,0.7617809430630018,0.7617809430630018,-0.4513582706451416
412,0.7625433,1.9487603153042925,45.5435230646795,2.642973801022066,2.642973801022066,-0.6942134857177735
413,1.0281807,2.369208981971519,45.69301406616531,2.9898200297162703,2.9898200297162703,-0.6206110477447511
414,-1.1458311,0.009219021454566656,45.744825100589175,1.0362206884772718,1.0362206884772718,-1.0270016670227051
415,-0.64000076,0.14167137041514477,45.76994236552297,0.502345298675948,0.502345298675948,-0.36067392826080324
416,0.7293417,2.2681294758454955,45.90538540604956,2.7088608105317746,2.7088608105317746,-0.44073133468627934
417,0.92738616,2.6081234558261714,46.04741579825844,2.8406078441776117,2.8406078441776117,-0.23248438835144045
418,1.0654004,1.5387054626057193,46.135831361086375,1.7683112565586612,1.7683112565586612,-0.2296057939529419
419,-0.9014267,-0.8665205181745365,46.12134759124683,-0.2896753967908694,-0.2896753967908694,-0.5768451213836671
420,0.3367168,0.5764950204701449,46.20902097603651,1.7534676957936313,1.7534676957936313,-1.1769726753234864
421,0.43046016,2.9003302132221562,46.386412457610554,3.5478296314808233,3.5478296314808233,-0.6474994182586671
422,0.7660212,3.1375164449018484,46.562979991519846,3.531350678185845,3.531350678185845,-0.3938342332839966
423,1.8341353,2.365432085931718,46.71054156621438,2.9512314938907025,2.9512314938907025,-0.5857994079589844
424,-1.2407005,0.8939959665773187,46.788859745566654,1.5663635870454584,1.5663635870454584,-0.6723676204681397
425,0.7897784,2.401759388030706,46.92492299239205,2.721264936507879,2.721264936507879,-0.3195055484771729
426,1.2701303,3.0854895027597307,47.11117972012784,3.7251345547159076,3.7251345547159076,-0.6396450519561768
427,1.0546081,1.7805197001060378,47.24415172335214,2.6594400644859206,2.6594400644859206,-0.8789203643798829
428,-1.5329673,0.8360417906594477,47.33512849359495,1.8195354048562251,1.8195354048562251,-0.9834936141967774
429,0.9989133,2.027181100409899,47.45264481094073,2.3503263469156366,2.3503263469156366,-0.32314524650573734
430,1.1658852,3.2379970893143195,47.62716448862384,3.490393553662159,3.490393553662159,-0.25239646434783936
431,0.09230411,1.885625000158734,47.7570284169498,2.5972785665192077,2.5972785665192077,-0.7116535663604737
432,-2.1367016,1.1035265350389352,47.876821223575405,2.3958561325120797,2.3958561325120797,-1.2923295974731446
433,0.2359603,2.070281079051301,48.00732096812169,2.609994890925691,2.609994890925691,-0.5397138118743897
434,1.3636134,2.1391204218360995,48.13628191303399,2.579218898246012,2.579218898246012,-0.4400984764099121
435,0.8104981,1.3411478883080974,48.23422142996603,1.958790338640739,1.958790338640739,-0.6176424503326416
436,-1.106539,0.975458121034859,48.309834309944314,1.5122575995657428,1.5122575995657428,-0.5367994785308838
437,-1.7150466,0.04864295965552967,48.345606633078916,0.7154464626920287,0.7154464626920287,-0.666803503036499
438,0.7848599,1.6323302867065421,48.44694088127426,2.0266849639068596,2.0266849639068596,-0.3943546772003174
439,1.2248814,2.032890360251969,48.58181177009832,2.697417776481217,2.697417776481217,-0.664527416229248
440,0.50668347,1.139048969866303,48.66818585088152,1.7274816156640327,1.7274816156640327,-0.5884326457977295
441,-1.2761443,-0.20075531621591836,48.69559141297447,0.5481112418590328,0.5481112418590328,-0.7488665580749512
442,-0.053939,1.0385181815821625,48.764970718373924,1.3875861079890228,1.3875861079890228,-0.34906792640686035
443,0.6837627,2.223320507923893,48.91952517722654,3.091089177052311,3.091089177052311,-0.867768669128418
444,1.050741,1.8151843258773055,49.047061691970875,2.550730294886705,2.550730294886705,-0.7355459690093995
445,-1.1502422,0.2801750548159475,49.08466684592627,0.7521030791079397,0.7521030791079397,-0.4719280242919922
446,0.8508875,1.1786701980048293,49.160937202416555,1.5254071298056715,1.5254071298056715,-0.3467369318008423
447,1.1583714,2.015070120266671,49.279535266192035,2.371961275509591,2.371961275509591,-0.3568911552429199
448,0.15051037,1.716127638645213,49.39557402279242,2.3207751320076397,2.3207751320076397,-0.6046474933624268
449,-1.025799,0.8200959677960042,49.455775137186016,1.204022287871993,1.204022287871993,-0.3839263200759888
450,0.7740088,1.9242643335192782,49.56317902816694,2.1480778196185213,2.1480778196185213,-0.22381348609924318
451,0.63378334,2.243535052310244,49.7076198036096,2.888815508853213,2.888815508853213,-0.6452804565429688
452,0.75080556,2.006714142271915,49.82049587141236,2.257521356055179,2.257521356055179,-0.25080721378326415
453,-0.34189534,0.8757493201991167,49.88335854870886,1.2572535459300127,1.2572535459300127,-0.38150422573089604
454,-0.45772916,0.678777004274957,49.930827962038684,0.9493882665964293,0.9493882665964293,-0.2706112623214722
455,1.1161073,1.8538655029458426,50.051638936809084,2.4162194954080007,2.4162194954080007,-0.5623539924621582
456,0.2942552,2.072549809446997,50.17005884576135,2.3683981790453856,2.3683981790453856,-0.29584836959838867
457,-1.1009351,0.5839524817190124,50.236460327746016,1.3280296396932556,1.3280296396932556,-0.7440771579742432
458,0.1684686,0.5039802593158071,50.29912294849989,1.253252415077526,1.253252415077526,-0.7492721557617188
459,1.0335555,1.99208893943221,50.42944034331696,2.60634789634139,2.60634789634139,-0.6142589569091798
460,1.5346707,1.5055436578048669,50.534319610367056,2.0975853410018885,2.0975853410018885,-0.5920416831970216
461,-1.1765778,0.3202581974222084,50.58942195915342,1.1020469757272622,1.1020469757272622,-0.7817887783050538
462,0.060801625,0.22621379483204007,50.63534770779395,0.9185149728105557,0.9185149728105557,-0.6923011779785156
463,0.075704336,1.4760663831670513,50.72825697396997,1.8581853235204449,1.8581853235204449,-0.38211894035339355
464,1.9981444,1.3235470456115592,50.8309824543786,2.0545096081725944,2.0545096081725944,-0.7309625625610352
465,-1.5286511,1.0560855242047635,50.926219143690034,1.9047337862286895,1.9047337862286895,-0.8486482620239258
466,0.1615982,1.1927216537905507,51.012332699161696,1.722271109433251,1.722271109433251,-0.5295494556427002
467,0.89116055,1.8512256702785295,51.13566507842834,2.4666475853328507,2.4666475853328507,-0.6154219150543213
468,1.4680231,1.9993631975303685,51.26720523690105,2.6308031694541967,2.6308031694541967,-0.6314399719238282
469,-1.8307976,1.0281225391308113,51.36101231524309,1.8761415668407722,1.8761415668407722,-0.848019027709961
470,0.8147346,1.3085975097982896,51.45015638741498,1.782881443437816,1.782881443437816,-0.47428393363952637
471,1.4249449,1.6400282770888452,51.569032214759716,2.3775165468947534,2.3775165468947534,-0.7374882698059082
472,1.0851487,0.5629462646996899,51.65513474535615,1.7220506119286938,1.7220506119286938,-1.159104347229004
473,0.7333003,0.5960653299856972,51.71289679357464,1.1552409643698525,1.1552409643698525,-0.5591756343841553
474,-1.2188941,-0.8313161635367067,51.701892165512554,-0.22009256124178478,-0.22009256124178478,-0.6112236022949219
475,1.3890293,0.5172303706962111,51.767576560500764,1.3136878997642043,1.3136878997642043,-0.7964575290679932
476,0.08214402,1.9427618780434046,51.88279654713174,2.3043997326195154,2.3043997326195154,-0.36163785457611086
477,0.9904896,1.4683575354310563,51.97846829248316,1.9134349070283463,1.9134349070283463,-0.44507737159729005
478,-1.2247245,-0.3598893518820148,51.98082271710097,0.04708849235626644,0.04708849235626644,-0.40697784423828126
479,0.7698534,0.39385846995904217,52.02877987704912,0.9591431989629484,0.9591431989629484,-0.5652847290039062
480,1.0032727,1.319490843507083,52.12770100583336,1.9784225756848173,1.9784225756848173,-0.6589317321777344
481,-0.82331294,-0.22582156883705695,52.141196692966915,0.2699137426711218,0.2699137426711218,-0.49573531150817873
482,-0.24824029,0.28707200902183555,52.17160249063595,0.6081159533806613,0.6081159533806613,-0.3210439443588257
483,-1.4202881,1.3949822311049787,52.2589281154816,1.746512496913084,1.746512496913084,-0.3515302658081055
484,0.93895906,2.2035100869969937,52.38971610285605,2.615759747488937,2.615759747488937,-0.4122496604919434
485,1.3342562,1.792697527063143,52.5136059569123,2.4777970811250327,2.4777970811250327,-0.6850995540618897
486,1.6167783,0.5509195882869846,52.580071280275014,1.3293064672542698,1.3293064672542698,-0.7783868789672852
487,-0.6500882,-0.4821198497158833,52.5816708494271,0.03199138304168514,0.03199138304168514,-0.5141112327575684
488,0.06453864,0.07513966017465912,52.62593861563133,0.8853553240845713,0.8853553240845713,-0.8102156639099122
489,1.5049899,1.965591753600381,52.75221279788532,2.5254836450798734,2.5254836450798734,-0.5598918914794923
490,0.25902373,1.5241495228364328,52.838278997309956,1.7213239884927134,1.7213239884927134,-0.19717446565628052
491,-1.4331183,-0.9031069486264585,52.82946163348688,-0.17634727646154147,-0.17634727646154147,-0.726759672164917
492,0.5536713,0.5773908809583133,52.88040489226792,1.018865175620789,1.018865175620789,-0.4414742946624756
493,0.98231256,1.859606474932616,52.99306862117545,2.2532745781506947,2.2532745781506947,-0.39366810321807866
494,0.79683566,1.676521890148291,53.092059248344306,1.9798125433770508,1.9798125433770508,-0.3032906532287598
495,-1.3937917,-0.8406225543327935,53.0880517331269,-0.08015030434805226,-0.08015030434805226,-0.7604722499847413
496,-0.1598463,0.46996420121818117,53.1301244325429,0.8414539883199268,0.8414539883199268,-0.3714897871017456
497,1.0667331,1.417677333903481,53.23746941650568,2.146899679255654,2.146899679255654,-0.7292223453521729
498,1.2881691,1.6788281376508394,53.338709956927424,2.024810808434836,2.024810808434836,-0.3459826707839966
499,-2.6350477,-1.838567717535102,53.298132894178416,-0.8115412549801704,-0.8115412549801704,-1.0270264625549317
500,0.68267804,0.026379498532872914,53.333850033854205,0.7143427935157831,0.7143427935157831,-0.6879632949829102
501,0.519539,1.8395313071729789,53.44486818275091,2.220362977934087,2.220362977934087,-0.3808316707611084
502,0.96879715,2.164351501907089,53.57784700786534,2.6595765022885587,2.6595765022885587,-0.49522500038146977
503,0.39885712,1.3846314825450292,53.67430605763575,1.9291809954081884,1.9291809954081884,-0.5445495128631592
504,-1.0893502,-0.13597348105088836,53.70426998352827,0.5992785178504789,0.5992785178504789,-0.7352519989013673
505,-0.21566355,0.3514653765864977,53.7561087991563,1.0367763125606189,1.0367763125606189,-0.6853109359741212
506,1.1013492,2.3358923589946867,53.89000227069414,2.677869430756772,2.677869430756772,-0.34197707176208497
507,1.0562166,1.9406185364837314,54.01643151485536,2.528584883224454,2.528584883224454,-0.5879663467407227
508,1.3960181,1.103357583582482,54.09183423871909,1.5080544772744986,1.5080544772744986,-0.4046968936920166
509,-1.0879878,-1.2531701113475835,54.0611188254979,-0.6143082644237552,-0.6143082644237552,-0.6388618469238282
510,0.8444924,0.589036562802039,54.128742490967866,1.352473309399329,1.352473309399329,-0.7634367465972901
511,1.6412883,2.8451365858943176,54.297029615157754,3.36574248379776,3.36574248379776,-0.5206058979034424
512,1.2372024,2.6058754950242133,54.46121052112311,3.28361811930705,3.28361811930705,-0.6777426242828369
513,-0.54103506,1.1298790540686638,54.54203167090143,1.6164229955664666,1.6164229955664666,-0.4865439414978028
514,-0.2848876,1.2046352199510637,54.62021164929095,1.563599567790419,1.563599567790419,-0.3589643478393555
515,1.913365,2.2410602941678293,54.773891947095656,3.0736059560940987,3.0736059560940987,-0.8325456619262696
516,1.0968554,2.9927488663992223,54.966271537861296,3.8475918153127964,3.8475918153127964,-0.8548429489135743
517,1.2004303,2.2338135521070344,55.09738013557926,2.6221719543592314,2.6221719543592314,-0.3883584022521973
518,-0.57524633,0.8918693955847857,55.15190827389945,1.0905627664038775,1.0905627664038775,-0.1986933708190918
519,1.0811375,1.3223322644946678,55.24930045274842,1.947843576979409,1.947843576979409,-0.6255113124847412
520,1.3785973,2.4220350907967996,55.400027775678154,3.0145464585946513,3.0145464585946513,-0.5925113677978516
521,0.60057366,2.1522390045393367,55.54045080969876,2.8084606804121393,2.8084606804121393,-0.6562216758728028
522,-0.98799896,1.0938463188362106,55.611337674247444,1.4177372909736619,1.4177372909736619,-0.3238909721374512
523,-0.3848259,1.1393508281330582,55.69423832875224,1.6580130900959489,1.6580130900959489,-0.5186622619628907
524,0.8531897,2.3738817781828856,55.849899688035684,3.1132271856688476,3.1132271856688476,-0.739345407485962
525,1.0385363,3.3810341768152568,56.049972364836805,4.00145353602241,4.00145353602241,-0.6204193592071534
526,1.2773407,3.100730365549913,56.22824628555342,3.5654784143322615,3.5654784143322615,-0.46474804878234866
527,-0.39337742,0.8381556753896233,56.304614368337944,1.5273616556905267,1.5273616556905267,-0.6892059803009034
528,-0.5160956,1.5287527291256082,56.4090190810958,2.0880942551571025,2.0880942551571025,-0.5593415260314941
529,1.1251471,3.3164803713683284,56.60288271005011,3.877272579086224,3.877272579086224,-0.5607922077178955
530,0.85769737,2.6748422478093064,56.760839998546075,3.1591457699192915,3.1591457699192915,-0.4843035221099854
531,-1.1904434,0.3701990094326617,56.81265913929099,1.03638281489836,1.03638281489836,-0.6661838054656983
532,-0.034545913,1.2944912199166252,56.906314278518636,1.8731027845528558,1.8731027845528558,-0.5786115646362305
533,1.2984737,2.68287305133349,57.064758599324904,3.1688864161253605,3.1688864161253605,-0.48601336479187013
534,0.89799684,2.936348802961658,57.231166813055445,3.3281642746108275,3.3281642746108275,-0.39181547164916997
535,-0.2990247,1.3154502151048064,57.32077986803447,1.7922610995805144,1.7922610995805144,-0.476810884475708
536,-0.7700286,1.3510347656847785,57.40970885508275,1.7785797409655402,1.7785797409655402,-0.42754497528076174
537,1.496748,2.250603926518016,57.57522333199489,3.31028953824287,3.31028953824287,-1.0596856117248536
538,1.0390499,3.2566335573586174,57.75793356539909,3.65420466808402,3.65420466808402,-0.39757111072540285
539,-0.66807467,1.194172716237847,57.84027314069463,1.6467915059106986,1.6467915059106986,-0.4526187896728516
540,-1.0272199,0.45525563465051844,57.90112494267938,1.2170360396950741,1.2170360396950741,-0.7617804050445557
541,0.617965,2.56611537570605,58.04597337027053,2.8969685518229937,2.8969685518229937,-0.33085317611694337
542,1.2072544,3.2155609259020137,58.249373706223224,4.068006719053869,4.068006719053869,-0.8524457931518555
543,0.25869322,2.834379375110001,58.4203254058442,3.419033992419571,3.419033992419571,-0.5846546173095704
544,-1.0124168,1.763531736197524,58.531971295308345,2.232917789282851,2.232917789282851,-0.46938605308532716
545,-0.33648616,1.9789467140062869,58.64988990490774,2.358372191987854,2.358372191987854,-0.3794254779815674
546,1.3632841,3.246683734275484,58.86991794976818,4.400560897208834,4.400560897208834,-1.1538771629333497
547,0.7892557,3.9120745264852816,59.11401426508933,4.881926306423026,4.881926306423026,-0.9698517799377442
548,1.2256892,2.77647679991079,59.2794471968436,3.308658635085351,3.308658635085351,-0.5321818351745605
549,-0.8812938,1.968219152568946,59.39064924209946,2.224040905117164,2.224040905117164,-0.25582175254821776
550,-1.8554392,1.7058950181960086,59.50500667659156,2.2871486898421267,2.2871486898421267,-0.5812536716461182
551,0.5833189,3.7700913804508103,59.72368810928445,4.373628653857793,4.373628653857793,-0.6035372734069825
552,1.2242535,4.2427936060842395,59.9550145020921,4.626527856152904,4.626527856152904,-0.3837342500686646
553,0.587811,2.9375657734200957,60.128961770503246,3.478945368222952,3.478945368222952,-0.5413795948028565
554,-1.9573445,1.3058131363083305,60.23088038752374,2.038372340409893,2.038372340409893,-0.7325592041015625
555,0.7616799,1.9495994846779525,60.35586906880415,2.499773625608128,2.499773625608128,-0.5501741409301758
556,0.9934114,3.5027038557276513,60.550216562367964,3.8869498712763573,3.8869498712763573,-0.3842460155487061
557,0.95633304,3.265474810342198,60.72827981265833,3.561265005807286,3.561265005807286,-0.2957901954650879
558,-0.6969502,1.1890884584813817,60.82405562287335,1.9155162043004736,1.9155162043004736,-0.7264277458190919
559,0.37967736,1.5153187086299227,60.92211525470835,1.961192636699991,1.961192636699991,-0.44587392807006837
560,1.1736107,2.4531269674591556,61.08554973933467,3.2686896925262943,3.2686896925262943,-0.8155627250671387
561,1.1056031,2.1962540527594117,61.21752031608,2.6394115349066283,2.6394115349066283,-0.44315748214721684
562,-1.8465669,0.6104154602129199,61.30522800258094,1.7541537300188281,1.7541537300188281,-1.1437382698059082
563,0.18877825,0.9084158091983112,61.3955933464161,1.8073068767031941,1.8073068767031941,-0.8988910675048829
564,0.81739616,2.9656923001761184,61.557795220402795,3.244037479733919,3.244037479733919,-0.2783451795578003
565,1.0495278,0.5498976668758984,61.6443057544958,1.7302106818600294,1.7302106818600294,-1.180313014984131
566,-1.1229116,-0.11611354471525037,61.68713867379476,0.8566583859793298,0.8566583859793298,-0.9727719306945801
567,0.48717904,0.2550494513526018,61.71816983097848,0.6206231436743792,0.6206231436743792,-0.3655736923217774
568,1.030142,0.8880458274048691,61.81130908562082,1.8627850928467637,1.8627850928467637,-0.9747392654418946
569,0.45239186,1.2393134595519713,61.902978943130584,1.8333971501952817,1.8333971501952817,-0.5940836906433106
570,-1.1237497,-0.14864877621535588,61.91879104262701,0.316241989928443,0.316241989928443,-0.4648907661437989
571,-1.12138,-0.6394778888183339,61.91655795858038,-0.04466168093259171,-0.04466168093259171,-0.5948162078857422
572,0.61271167,1.5977119870246212,62.01612923402948,1.9914255089820188,1.9914255089820188,-0.3937135219573975
573,1.1375601,2.126914472051959,62.136413872169506,2.4056927628005553,2.4056927628005553,-0.2787782907485962
574,-0.7200365,0.034271666217091434,62.170538842447066,0.6824994055511979,0.6824994055511979,-0.6482277393341065
575,-1.5700333,-0.6994644027679726,62.163897819974835,-0.13282044944460836,-0.13282044944460836,-0.5666439533233643
576,1.2381415,0.9150865758600389,62.238543287798294,1.4929093564691698,1.4929093564691698,-0.5778227806091308
577,1.0256106,1.5288560091234502,62.36292257068397,2.487585657713538,2.487585657713538,-0.9587296485900879
578,0.83043706,1.8211887891120568,62.46595683957492,2.060685377819027,2.060685377819027,-0.23949658870697021
579,-0.86824894,0.006005986562922727,62.484975872690605,0.3803806623136552,0.3803806623136552,-0.37437467575073247
580,-0.5974266,0.5377090838668607,62.5383033754336,1.0665500548599027,1.0665500548599027,-0.5288409709930421
581,1.0571753,2.724058358679457,62.69014184935016,3.0367694783312515,3.0367694783312515,-0.31271111965179443
582,1.3012426,2.030042757210526,62.83104308417648,2.8180246965263223,2.8180246965263223,-0.787981939315796
583,-1.4858067,0.5806102259918475,62.88933386130325,1.1658155425354266,1.1658155425354266,-0.5852053165435791
584,0.34772867,0.9503163556497043,62.94829500469876,1.1792228679101413,1.1792228679101413,-0.228906512260437
585,1.4881442,2.197348702884722,63.07760935165482,2.586286939121294,2.586286939121294,-0.3889382362365723
586,0.75462407,1.9254620370451447,63.2007994986235,2.463802939373636,2.463802939373636,-0.5383409023284912
587,-1.2190949,0.5457344600600663,63.256996901443706,1.1239480564040605,1.1239480564040605,-0.5782135963439942
588,0.35264444,0.5846173239608561,63.30744801061889,1.0090221835037028,1.0090221835037028,-0.4244048595428467
589,0.4198078,1.7799906120597369,63.43396762560298,2.5303922996818073,2.5303922996818073,-0.7504016876220704
590,1.5683415,2.5916700298527475,63.60105598129789,3.3417671138981575,3.3417671138981575,-0.7500970840454102
591,1.000959,2.0850127160845546,63.74568072446296,2.8924948633013514,2.8924948633013514,-0.8074821472167969
592,-1.2997949,0.5942685577196641,63.80316308135361,1.149647137813048,1.149647137813048,-0.5553785800933838
593,-0.46713075,1.3161483431878365,63.89930493302228,1.9228370333733835,1.9228370333733835,-0.6066886901855469
594,0.9961049,3.514376635541635,64.09649816436601,3.9438646268746425,3.9438646268746425,-0.42948799133300786
595,1.654407,3.126849787379649,64.28929082997401,3.8558533121599226,3.8558533121599226,-0.7290035247802735
596,-1.7038815,0.7920997882371693,64.36684305449329,1.5510444903856069,1.5510444903856069,-0.7589447021484376
597,-0.2950909,0.3992705177679909,64.40953262503653,0.8537914108649147,0.8537914108649147,-0.45452089309692384
598,0.5324036,1.9686224412464979,64.55720987708848,2.9535450410389785,2.9535450410389785,-0.9849225997924805
599,1.2241251,3.383995569075023,64.74240784856782,3.703959429586803,3.703959429586803,-0.31996386051177983
600,0.59066826,2.4049917398863614,64.8871782213707,2.895407456057626,2.895407456057626,-0.49041571617126467
601,-0.9011078,1.1818023822811257,64.96691946162429,1.594824805071653,1.594824805071653,-0.41302242279052737
602,1.3057494,2.3766828604328567,65.11162807154199,2.894172198353999,2.894172198353999,-0.5174893379211426
603,1.8099692,3.3318679298921894,65.31814942271036,4.130427023367531,4.130427023367531,-0.7985590934753418
604,0.6676767,2.9941159813336298,65.4921828265477,3.480668076746838,3.480668076746838,-0.48655209541320804
605,-0.8372891,1.4219248605415373,65.59891015401692,2.1345465493843108,2.1345465493843108,-0.7126216888427734
606,-0.5879028,2.023555960608712,65.71268428984261,2.2754827165138636,2.2754827165138636,-0.2519267559051514
607,0.6101454,3.370767189559865,65.91095281909371,3.965370585021901,3.965370585021901,-0.5946033954620361
608,1.6593862,3.692683849386151,66.13859079002066,4.552759418538983,4.552759418538983,-0.8600755691528321
609,1.078685,3.2223857741670257,66.32280568410239,3.684297881634677,3.684297881634677,-0.4619121074676514
610,-0.8264672,1.0011456504135594,66.41072037037826,1.7582937255173192,1.7582937255173192,-0.7571480751037598
611,0.5186472,2.187902055191819,66.54442209945773,2.674034581589524,2.674034581589524,-0.4861325263977051
612,1.7580557,3.8392759683231703,66.78092331814672,4.730024373779713,4.730024373779713,-0.890748405456543
613,1.9550548,3.6277628620517133,66.99773212699027,4.336176176871049,4.336176176871049,-0.708413314819336
614,-1.2070855,1.1812025210370165,67.09997269966688,2.044811453532134,2.044811453532134,-0.8636089324951173
615,0.4789011,2.5208233707118097,67.25421382700374,3.0848225467372004,3.0848225467372004,-0.5639991760253906
616,1.0646166,4.217015707361838,67.49606229398957,4.836969339716575,4.836969339716575,-0.6199536323547363
617,0.41648245,3.1645606216712165,67.66628175797833,3.4043892797751596,3.4043892797751596,-0.23982865810394288
618,-1.861795,0.8849948167203365,67.76355695905757,1.9455040215848385,1.9455040215848385,-1.060509204864502
619,-0.047597528,2.0330233286375234,67.90216014661142,2.7720637510770985,2.7720637510770985,-0.7390404224395752
620,0.8474122,3.8508338929641694,68.12123950281206,4.3815871240127535,4.3815871240127535,-0.530753231048584
621,1.3444914,3.1496894567408957,68.32602787159942,4.0957673757472435,4.0957673757472435,-0.9460779190063477
622,-1.5687033,0.9606580289538783,68.41128514448037,1.7051454576190395,1.7051454576190395,-0.7444874286651612
623,0.025976762,1.7276259159233518,68.51707209375326,2.1157389854576536,2.1157389854576536,-0.3881130695343018
624,1.157477,4.060852766239646,68.7438872721577,4.536303568089011,4.536303568089011,-0.4754508018493653
625,0.6509471,4.18399316212674,68.97837620352607,4.689778627367218,4.689778627367218,-0.5057854652404785
626,-0.9054176,2.5007350310698824,69.1251922395568,2.9363207206145603,2.9363207206145603,-0.43558568954467775
627,-1.1455789,1.4565099889998692,69.22943404788664,2.084836166596915,2.084836166596915,-0.6283261775970459
628,1.2646557,3.433279360265749,69.43077071725872,4.026733387441652,4.026733387441652,-0.5934540271759033
629,1.1060119,3.6574371316101404,69.66503435183148,4.685272691455111,4.685272691455111,-1.0278355598449707
630,0.7579474,3.0733641476585603,69.84341964457589,3.5677058548881746,3.5677058548881746,-0.4943417072296143
631,-0.7827486,0.7579413461402623,69.91579046009,1.447416310282108,1.447416310282108,-0.6894749641418457
632,-1.3564332,2.0629432209141783,70.04032846452712,2.4907600887425474,2.4907600887425474,-0.42781686782836914
633,-0.005554557,3.007285209310396,70.21898375969113,3.5731059032801227,3.5731059032801227,-0.5658206939697266
634,0.2866717,3.004487242784728,70.38823845916404,3.385093989458312,3.385093989458312,-0.380606746673584
635,-1.0447391,2.011375418369448,70.51812547215557,2.59774025983063,2.59774025983063,-0.5863648414611816
636,-1.7411411,1.104036268502216,70.62337471657281,2.1049848883447453,2.1049848883447453,-1.0009486198425293
637,0.85982776,3.1187021509950226,70.81415480436243,3.815601755792386,3.815601755792386,-0.6968996047973633
638,0.46966082,3.8536116270108325,71.02288235917985,4.174551096348296,4.174551096348296,-0.3209394693374634
639,0.8347268,2.109343345829018,71.16937707240025,2.9298942644081194,2.9298942644081194,-0.8205509185791016
640,-1.540595,1.4461024157626752,71.27497804394217,2.112019430838359,2.112019430838359,-0.6659170150756837
641,0.94863737,1.9937357931472093,71.42065019851347,2.913443091426018,2.913443091426018,-0.9197072982788086
642,1.0343529,3.774866121904938,71.64141006564006,4.415197342531769,4.415197342531769,-0.6403312206268311
643,0.30458623,3.1933803645302987,71.82923026222656,3.7564039317300058,3.7564039317300058,-0.563023567199707
644,-0.80549395,1.6437824121619768,71.9344234307053,2.1038633695746967,2.1038633695746967,-0.46008095741271976
645,0.17219537,2.4450935121152497,72.07387131643603,2.7889577146146394,2.7889577146146394,-0.34386420249938965
646,1.2825074,3.31693868597099,72.26672069738603,3.856987619000165,3.856987619000165,-0.5400489330291748
647,1.1954198,3.286206012061882,72.46366294359918,3.93884492426281,3.93884492426281,-0.6526389122009277
648,-1.6679103,1.4108239018472317,72.57928149121534,2.312370952323306,2.312370952323306,-0.9015470504760743
649,-0.5743463,2.1678750726088083,72.70655371669713,2.545444509635786,2.545444509635786,-0.37756943702697754
650,0.7012324,3.7627214925880255,72.91959520113946,4.26082968884657,4.26082968884657,-0.49810819625854497
651,0.25221628,3.961374329215823,73.13428104168091,4.2937168108289825,4.2937168108289825,-0.3323424816131592
652,-0.3680867,2.2963596834315467,73.28339808953504,2.9823409570826698,2.9823409570826698,-0.685981273651123
653,-1.3017712,1.59370267498432,73.38831626075603,2.0983634244197447,2.0983634244197447,-0.5046607494354248
654,0.64357245,3.5050558084529597,73.58564592495797,3.9465932840388973,3.9465932840388973,-0.44153747558593753
655,1.0043132,3.8768482481063073,73.81721696170716,4.631420734983749,4.631420734983749,-0.7545724868774415
656,0.69051164,3.175343079851234,73.99766334782024,3.6089277222615124,3.6089277222615124,-0.43358464241027833
657,-0.5327468,1.1073858759462951,74.07559711000134,1.5586752436220763,1.5586752436220763,-0.45128936767578126
658,0.69456494,2.552363629534864,74.22992871282284,3.0866320564300054,3.0866320564300054,-0.5342684268951416
659,1.2494272,3.5203218780733097,74.44057834306531,4.212992604849433,4.212992604849433,-0.6926707267761231
660,0.68051267,3.2681461031333243,74.6362954498005,3.914342134703759,3.914342134703759,-0.6461960315704346
661,1.1029189,2.9252077970829986,74.80122422182247,3.298575440439322,3.298575440439322,-0.3733676433563233
662,-0.9921681,1.0420418781845795,74.87967555984943,1.569026760539316,1.569026760539316,-0.5269848823547364
663,1.025191,1.8818096387327614,75.00980517962634,2.6025923955381813,2.6025923955381813,-0.7207827568054199
664,0.6261747,2.891774702279952,75.18670484880711,3.537993383615401,3.537993383615401,-0.6462186813354492
665,1.001426,2.5237948944792263,75.32805324440616,2.8269679119810576,2.8269679119810576,-0.30317301750183107
666,-1.3355759,0.4135667774687931,75.36786996237659,0.7963343594084904,0.7963343594084904,-0.3827675819396973
667,-0.08077282,1.6058711872496816,75.47144094273669,2.071419607202074,2.071419607202074,-0.4655484199523926
668,0.349028,3.2595191081220265,75.64574669326494,3.4861150105649585,3.4861150105649585,-0.22659590244293215
669,1.1701399,3.285637106037723,75.838566158144,3.856389297581302,3.856389297581302,-0.5707521915435791
670,1.4324794,2.1518741648425475,75.98214181237765,2.87151308467287,2.87151308467287,-0.7196389198303224
671,-0.7050576,0.5010007994602347,76.02522459508938,0.8616556542347098,0.8616556542347098,-0.3606548547744751
672,0.4084849,1.2859086289567585,76.10313743123655,1.5582567229432698,1.5582567229432698,-0.2723480939865112
673,1.6260432,2.286396463995925,76.23568709304604,2.6509932361898336,2.6509932361898336,-0.36459677219390874
674,0.80919766,2.4788680589514116,76.38217662760448,2.9297906911688187,2.9297906911688187,-0.45092263221740725
675,0.27729607,1.7764995682161384,76.48622034671696,2.0808743822496467,2.0808743822496467,-0.3043748140335083
676,-2.1489816,-0.3257071979963485,76.51547087072065,0.5850104800737199,0.5850104800737199,-0.9107176780700684
677,0.13268444,1.7908873289343092,76.63401900751877,2.3709627359625074,2.3709627359625074,-0.5800754070281983
678,1.1328459,3.2841555456340985,76.82577204141516,3.8350606779277996,3.8350606779277996,-0.5509051322937012
679,1.2961779,2.958898171451517,77.00583639578852,3.601287087467142,3.601287087467142,-0.6423889160156251
680,-1.0288954,0.7459569125149641,77.07615245373269,1.4063211588833724,1.4063211588833724,-0.6603642463684083
681,0.25307345,1.489832521298001,77.18607504522117,2.198451829769681,2.198451829769681,-0.7086193084716798
682,1.0318594,3.1278764547770264,77.35598561948781,3.3982114853327516,3.3982114853327516,-0.2703350305557251
683,1.561291,3.2421845416762833,77.54684386905545,3.817164991352797,3.817164991352797,-0.5749804496765137
684,-0.085279346,1.5207826745890656,77.64632190230196,1.9895606649302522,1.9895606649302522,-0.46877799034118656
685,-1.2354757,1.4975792079069492,77.73530146437044,1.7795912413694737,1.7795912413694737,-0.2820120334625244
686,0.86999035,3.2499026124943726,77.91622700800289,3.6185108726490967,3.6185108726490967,-0.36860826015472414
687,0.84631777,4.385029956857716,78.15125246262144,4.700509092371021,4.700509092371021,-0.3154791355133057
688,1.3698746,3.213014010113318,78.33394128435056,3.653776434582312,3.653776434582312,-0.44076242446899416
689,-0.42805362,1.8174929814149094,78.44215156765287,2.164205666046257,2.164205666046257,-0.3467126846313477
690,0.3407073,2.1703005176703756,78.56959211252595,2.5488108974616352,2.5488108974616352,-0.3785103797912598
691,1.2047682,3.1079865472682626,78.75698300988525,3.7478179471858653,3.7478179471858653,-0.6398313999176026
692,0.85491407,3.4055214593101253,78.95410404687816,3.942420739858221,3.942420739858221,-0.5368992805480958
693,-0.83345854,2.3385556696215417,79.08570316796376,2.631982421711996,2.631982421711996,-0.2934267520904541
694,-0.75286984,1.7214427787838418,79.18979791327578,2.0818949062405068,2.0818949062405068,-0.36045212745666505
695,-0.91891515,2.999083926875869,79.3561818974938,3.327679684360305,3.327679684360305,-0.32859575748443604
696,1.202745,3.707974009553027,79.56760668001033,4.228495650330615,4.228495650330615,-0.5205216407775879
697,1.1609477,2.8294514247911593,79.75811425205097,3.810151440812888,3.810151440812888,-0.9807000160217285
698,-0.3401897,2.300355825661211,79.89468704030135,2.7314557650075244,2.7314557650075244,-0.4310999393463135
699,-1.464189,1.1876926877430263,79.99178552184884,1.9419696309498136,1.9419696309498136,-0.7542769432067872
700,0.68531346,3.4787879280954597,80.19172276914854,3.9987449459940194,3.9987449459940194,-0.5199570178985596
701,0.66104615,3.1941955279792182,80.38106197870256,3.7867841910804145,3.7867841910804145,-0.5925886631011963
702,-1.1167779,1.813270137847701,80.51824421194382,2.74364466482524,2.74364466482524,-0.9303745269775391
703,-0.16649306,1.6859266551686232,80.6171611873643,1.97833950840959,1.97833950840959,-0.29241285324096683
704,1.809129,2.5722285790775006,80.76874265139432,3.0316292806003275,3.0316292806003275,-0.4594007015228272
705,0.14286645,2.3210893886773647,80.90879010035471,2.80094897920776,2.80094897920776,-0.4798595905303955
706,-1.5209436,1.2576856932805298,80.99491445536175,1.7224871001408815,1.7224871001408815,-0.4648014068603516
707,-0.14921778,1.1987197190651613,81.06903591642602,1.4824292212853152,1.4824292212853152,-0.28370950222015384
708,0.5391607,2.434972047997417,81.20035525690305,2.6263868095406906,2.6263868095406906,-0.19141476154327394
709,1.1812418,2.2801556863239965,81.33458640604927,2.6846229829243384,2.6846229829243384,-0.4044672966003418
710,-1.2113464,1.3128432281797018,81.43315505538092,1.971372986633071,1.971372986633071,-0.6585297584533691
711,-0.7769876,0.12068449642410994,81.47754948966715,0.8878886857246471,0.8878886857246471,-0.7672041893005371
712,0.98491085,2.164252285563987,81.6205439795557,2.859889797771018,2.859889797771018,-0.6956375122070313
713,1.5038717,1.7054374813543292,81.72864209130195,2.1619622349248857,2.1619622349248857,-0.45652475357055666
714,1.0026332,0.5234262279136714,81.7939034424277,1.305227022515112,1.305227022515112,-0.7818007946014405
715,-1.3410767,-0.5927286428668708,81.78528725345224,-0.17232377950932687,-0.17232377950932687,-0.42040486335754396
716,0.38136593,0.0881887606228588,81.7987893240155,0.27004141126525383,0.27004141126525383,-0.18185265064239503
717,1.0104282,1.4613679998243583,81.8906021891194,1.8362573020780815,1.8362573020780815,-0.3748893022537232
718,1.5363377,1.4508839432541207,81.98407714618888,1.8694991413894968,1.8694991413894968,-0.418615198135376
719,1.247671,0.44057251252795593,82.02180602983186,0.754577672859682,0.754577672859682,-0.3140051603317261
720,-1.0594478,-1.268297807745671,81.98973149054932,-0.6414907856509444,-0.6414907856509444,-0.6268070220947266
721,1.4048953,-0.04692063024344861,82.01050027141126,0.4153756172388512,0.4153756172388512,-0.4622962474822998
722,0.81881416,1.3275593654537716,82.09901317077144,1.7702579872036495,1.7702579872036495,-0.44269862174987795
723,1.3336982,1.4554633384837872,82.19740377744249,1.9678121334209209,1.9678121334209209,-0.5123487949371338
724,-0.5846182,-0.03640186534765921,82.21261602374801,0.3042449261104707,0.3042449261104707,-0.3406467914581299
725,-0.6190056,-0.12340376044644474,82.24321354021254,0.6119503292904938,0.6119503292904938,-0.7353540897369385
726,1.1389542,2.1856737318525803,82.3818825741715,2.7733806791792404,2.7733806791792404,-0.5877069473266602
727,0.7343495,2.386202652640145,82.52586207268638,2.8795899702976158,2.8795899702976158,-0.49338731765747074
728,-0.7562709,1.5118973573918084,82.62490404405634,1.9808394273991325,1.9808394273991325,-0.46894207000732424
729,-0.6509857,1.3103067926260679,82.70943530742612,1.69062526739566,1.69062526739566,-0.3803184747695923
730,-0.4612832,2.2185973047959693,82.84546944026312,2.720682656739939,2.720682656739939,-0.5020853519439697
731,1.0948943,3.108691594508798,83.02979791990616,3.686569592860849,3.686569592860849,-0.5778779983520508
732,1.0297904,2.1261211528862645,83.17513375936886,2.9067167892540624,2.9067167892540624,-0.7805956363677979
733,-1.2706925,1.4572429023919766,83.28267950634469,2.1509149395166105,2.1509149395166105,-0.6936720371246339
734,-0.7650141,0.8962369602942204,83.35205439032437,1.3874976795935368,1.3874976795935368,-0.4912607192993164
735,0.23385048,1.3881733466027186,83.4539232417518,2.0373770285485193,2.0373770285485193,-0.6492036819458008
736,0.37493074,2.025529900191839,83.56939444224768,2.309424009917791,2.309424009917791,-0.28389410972595214
737,1.1129985,1.3587003564685687,83.675888496326,2.129881081566225,2.129881081566225,-0.7711807250976563
738,-0.49587524,1.3288482684390828,83.7725704608153,1.9336392897861288,1.9336392897861288,-0.604791021347046
739,-1.5070033,0.344306407527722,83.81148953943143,0.7783815723226439,0.7783815723226439,-0.4340751647949219
740,0.88395184,2.1931125793661637,83.94859098062508,2.7420288238729995,2.7420288238729995,-0.548916244506836
741,1.9979141,2.3094940487166924,84.10629347103242,3.154049808146624,3.154049808146624,-0.8445557594299317
742,0.88480455,2.091360842719746,84.23485225632865,2.571175705924702,2.571175705924702,-0.4798148632049561
743,-1.9787462,0.5854116839266794,84.29248974001534,1.1527496737338083,1.1527496737338083,-0.5673379898071289
744,1.0017922,1.583881746112263,84.39153334705057,1.9808721407045482,1.9808721407045482,-0.3969903945922852
745,0.54096496,2.549387058427101,84.54192659866882,3.007865032365089,3.007865032365089,-0.4584779739379883
746,-1.4695503,1.0947087323522282,84.64709332495929,2.1033345258092595,2.1033345258092595,-1.0086257934570313
747,-1.3408501,0.40404470052892516,84.70950865660438,1.248306632901972,1.248306632901972,-0.8442619323730469
748,1.3119311,2.130921050018685,84.85311814084513,2.8721896848148276,2.8721896848148276,-0.7412686347961426
749,0.99014443,1.4453617069498592,84.9678032708322,2.293702599741607,2.293702599741607,-0.8483408927917481
750,-0.42029303,0.3171273534865804,85.01254959498084,0.8949264829726644,0.8949264829726644,-0.577799129486084
751,-0.7717286,-0.48524539724281796,85.00645528933875,-0.121886112841878,-0.121886112841878,-0.36335928440093995
752,0.8023746,1.0709215580313072,85.08731168618715,1.6171279369680747,1.6171279369680747,-0.5462063789367676
753,1.5350716,1.769625053763957,85.20937456767479,2.4412576297527266,2.4412576297527266,-0.6716325759887696
754,-0.080023885,0.35900585030215093,85.26241322288368,1.0607731041778834,1.0607731041778834,-0.7017672538757325
755,0.19785294,-0.2123771221672655,85.2714740001543,0.18121554541238538,0.18121554541238538,-0.3935926675796509
756,1.9133432,0.7635029475619944,85.35440572216314,1.6586344401767406,1.6586344401767406,-0.8951314926147461
757,1.237275,0.889226185060329,85.43019154437468,1.5157164442308613,1.5157164442308613,-0.6264902591705322
758,-0.97047305,-0.2612061585717811,85.45736661280412,0.5435013685888634,0.5435013685888634,-0.8047075271606445
759,0.19451863,-0.31036177761262707,85.4936226442543,0.7251206290035839,0.7251206290035839,-1.035482406616211
760,-0.0022056699,1.5000480596199508,85.58957800391178,1.919107193149614,1.919107193149614,-0.4190591335296631
761,0.57149184,1.8596978896228507,85.71677963614012,2.5440326445666983,2.5440326445666983,-0.6843347549438477
762,-1.1995236,0.9114515171776361,85.78663508706003,1.3971090183983392,1.3971090183983392,-0.48565750122070317
763,-0.7392131,1.2218480260076376,85.86298872478963,1.5270727545919272,1.5270727545919272,-0.30522472858428956
764,0.75218713,2.8048379714510245,86.01545509254706,3.0493273551485345,3.0493273551485345,-0.24448938369750978
765,1.5920992,2.75201670794454,86.17824216384898,3.255741426038412,3.255741426038412,-0.5037247180938721
766,-1.3919822,0.7037931494003942,86.25398018405093,1.514760404039066,1.514760404039066,-0.8109672546386719
767,-2.0975502,0.3233747876008124,86.29614211562686,0.8432386315186591,0.8432386315186591,-0.5198638439178467
768,1.2175368,2.7313067639340716,86.45683124170351,3.2137825215329485,3.2137825215329485,-0.48247575759887695
769,1.0086311,3.29977802828829,86.6399246105099,3.6618673761276455,3.6618673761276455,-0.3620893478393555
770,1.417211,1.7116262127164532,86.76534813334588,2.508470456719749,2.508470456719749,-0.7968442440032959
771,-0.4813639,0.7646482823728661,86.81600811113182,1.0131995557188134,1.0131995557188134,-0.2485512733459473
772,0.14723521,1.0394262317670269,86.88579371085952,1.395711994553892,1.395711994553892,-0.35628576278686525
773,0.8000877,2.7295952505870105,87.05401081288548,3.3643420405192614,3.3643420405192614,-0.634746789932251
774,1.2595448,2.995239878413804,87.2310399362274,3.5405824668384867,3.5405824668384867,-0.5453425884246826
775,1.1735119,2.5891254185715638,87.39040074435691,3.1872161625901185,3.1872161625901185,-0.5980907440185547
776,-0.4725964,1.591486700816904,87.48242492566546,1.8404836261709079,1.8404836261709079,-0.24899692535400392
777,-1.1396992,1.2598522564916492,87.57087695201848,1.769040527060497,1.769040527060497,-0.5091882705688476
778,1.0343654,3.161576268058957,87.75346747940306,3.6518105476915252,3.6518105476915252,-0.4902342796325684
779,1.1493932,3.0599972908308244,87.93562729277043,3.643196267347548,3.643196267347548,-0.5831989765167237
780,-0.4750288,1.8982102640077527,88.05068747084967,2.301203561584657,2.301203561584657,-0.40299329757690433
781,-1.1322564,0.7823268263335534,88.11365150417913,1.2592806665892908,1.2592806665892908,-0.47695384025573734
782,0.85876,2.640592474570144,88.27648786962212,3.256727308859695,3.256727308859695,-0.6161348342895508
783,0.39691293,3.358621612079651,88.46264801278332,3.72320286322406,3.72320286322406,-0.3645812511444092
784,-0.37268505,1.8019410643867446,88.5900999835289,2.549039414911647,2.549039414911647,-0.7470983505249024
785,-1.7766514,0.7483924225571627,88.66083092162377,1.4146187618973727,1.4146187618973727,-0.66622633934021
786,0.40111393,2.705100023753971,88.8152579534988,3.088540637500614,3.088540637500614,-0.38344061374664307
787,1.4617612,3.1918327223062306,89.00017323091431,3.698305548310259,3.698305548310259,-0.5064728260040283
788,-1.1452913,1.908952804572357,89.12594145114858,2.515364404685272,2.515364404685272,-0.6064116001129151
789,-1.3253614,0.8216735375062967,89.19183794798163,1.3179299366609598,1.3179299366609598,-0.49625639915466313
790,1.3125154,2.5977315339132816,89.3531568147545,3.226377335457471,3.226377335457471,-0.6286458015441895
791,0.98529816,1.959110452569871,89.4769943454587,2.4767506140841533,2.4767506140841533,-0.5176401615142823
792,-0.5441086,0.4765602432391347,89.52417223879284,0.9435578666827382,0.9435578666827382,-0.4669976234436035
793,-0.31701708,0.3825445586100613,89.56130430971994,0.7426414185420072,0.7426414185420072,-0.36009685993194585
794,0.71884257,0.8966734461789314,89.63796310009377,1.533175807476539,1.533175807476539,-0.6365023612976075
795,1.3916292,1.4970301472220853,89.7481842706934,2.204423411992593,2.204423411992593,-0.7073932647705079
796,0.87127095,0.6375830234911064,89.80159996046888,1.068313795509539,1.068313795509539,-0.43073077201843263
797,-0.22754753,-0.8774553126808997,89.77496975641358,-0.5326040811058874,-0.5326040811058874,-0.34485123157501224
798,1.22619,-0.027418646687704107,89.81966490321891,0.8939029361064854,0.8939029361064854,-0.9213215827941895
799,0.36092454,1.3668754862755237,89.92021835522891,2.011069040200084,2.011069040200084,-0.6441935539245606
800,0.18450993,0.5689269037274016,89.97750567140832,1.1457463235882415,1.1457463235882415,-0.5768194198608398
801,-0.51129186,-0.6181995829928724,89.97580547295173,-0.03400396913178838,-0.03400396913178838,-0.584195613861084
802,0.4078946,0.3919905754506658,90.01751116999438,0.8341139408528875,0.8341139408528875,-0.4421233654022217
803,1.6856635,1.5266216229533256,90.11996469243385,2.0490704487895073,2.0490704487895073,-0.5224488258361817
804,0.71159726,1.0774165959857895,90.19489873558153,1.498680862953563,1.498680862953563,-0.42126426696777347
805,-0.6958765,-1.0352133829215062,90.1603974091059,-0.6900265295126928,-0.6900265295126928,-0.3451868534088135
806,-0.38889328,-0.04087807722798975,90.1761184693482,0.3144212048459849,0.3144212048459849,-0.35529928207397465
807,1.3596501,1.6514572454107563,90.28956080126137,2.2688466382635397,2.2688466382635397,-0.6173893928527833
808,1.1694453,1.9047999257606079,90.41470644339672,2.502912842707019,2.502912842707019,-0.5981129169464111
809,0.6807842,1.3234188774038445,90.50759938452796,1.8578588226247916,1.8578588226247916,-0.5344399452209473
810,-1.7865434,-0.5746881821239299,90.51746222063814,0.1972567222034627,0.1972567222034627,-0.7719449043273926
811,1.2935877,1.0423420385165398,90.60143040918048,1.6793637708468623,1.6793637708468623,-0.6370217323303223
812,1.333766,2.0815835405325287,90.73637691723509,2.698930161092221,2.698930161092221,-0.6173466205596925
813,0.60384995,0.6631993627599513,90.8148612967653,1.5696875906041896,1.5696875906041896,-0.9064882278442383
814,-1.1843383,-0.5520566595500895,90.80644994943118,-0.16822694668235272,-0.16822694668235272,-0.3838297128677368
815,0.08844215,0.3082865341808997,90.85812060853769,1.0334131821301185,1.0334131821301185,-0.7251266479492188
816,0.96577966,1.6940719276128788,90.98300905084271,2.4977688461004277,2.4977688461004277,-0.8036969184875489
817,-0.7974766,1.3710327267966136,91.07644883310616,1.8687956452689036,1.8687956452689036,-0.49776291847229004
818,0.3140232,1.193271846971345,91.14882988465654,1.4476210310075999,1.4476210310075999,-0.2543491840362549
819,0.45112586,2.1161129385310686,91.27136949268844,2.4507921606380023,2.4507921606380023,-0.3346792221069336
820,1.5681043,1.214033208266187,91.37452203410608,2.063050828352857,2.063050828352857,-0.8490176200866699
821,-0.859097,0.6505119102142088,91.43960953738504,1.3017500655791991,1.3017500655791991,-0.6512381553649903
822,-0.52354914,0.5565429096930415,91.49081903188397,1.024189889978686,1.024189889978686,-0.46764698028564455
823,0.5793718,1.6637407319019757,91.60357467390205,2.2551128403614484,2.2551128403614484,-0.5913721084594726
824,1.8516209,2.2303293416056365,91.75840711426419,3.0966488072428433,3.0966488072428433,-0.8663194656372071
825,-1.7519972,0.9842769443743463,91.83868149977484,1.6054877102129694,1.6054877102129694,-0.6212107658386231
826,-1.0413293,-0.8992851764987222,91.85970213379505,0.420412680404354,0.420412680404354,-1.3196978569030762
827,0.6169243,2.253012709677546,91.9846385346884,2.498728017866938,2.498728017866938,-0.2457153081893921
828,0.19522959,1.9412293010934034,92.12392107861575,2.785650878547017,2.785650878547017,-0.8444215774536133
829,0.77479535,1.855947797694239,92.2250746486915,2.0230714015150397,2.0230714015150397,-0.1671236038208008
830,-1.1547846,0.4295807079651808,92.28028672299205,1.1042414860108352,1.1042414860108352,-0.6746607780456544
831,-1.5322294,-0.03990210795474247,92.32323679562623,0.8590014526836853,0.8590014526836853,-0.8989035606384278
832,1.8505982,1.7318438669738612,92.46159109300935,2.7670859476623377,2.7670859476623377,-1.0352420806884766
833,1.5646293,2.167600095737703,92.60572893270758,2.8827567939646315,2.8827567939646315,-0.7151566982269287
834,-1.3915431,0.5594449091110277,92.66761485728605,1.2377184915695238,1.2377184915695238,-0.6782735824584961
835,-1.0499343,0.32832753729940123,92.6908503452598,0.4647097594749994,0.4647097594749994,-0.13638222217559814
836,1.1209217,2.130820431212237,92.80974008307942,2.3777947563922908,2.3777947563922908,-0.24697432518005372
837,-1.1942856,1.60768830761956,92.91942648277055,2.193727993822563,2.193727993822563,-0.586039686203003
838,0.7156688,1.9412335971682069,93.03518326675112,2.315135679611444,2.315135679611444,-0.3739020824432373
839,0.3882336,1.5618708567886415,93.1366289938862,2.0289145427017274,2.0289145427017274,-0.467043685913086
840,-1.7504522,0.3550452778715225,93.20684005904931,1.4042213032621476,1.4042213032621476,-1.049176025390625
841,-0.62448204,0.6786642160515384,93.26364075156042,1.1360138502220707,1.1360138502220707,-0.45734963417053226
842,0.97823316,3.0250226960939584,93.43231530512541,3.373491071299952,3.373491071299952,-0.34846837520599366
843,1.9318385,2.406002939237544,93.59169138220585,3.18752154160876,3.18752154160876,-0.7815186023712158
844,0.6567356,1.5045204180601899,93.70234705246189,2.213113405120737,2.213113405120737,-0.708592987060547
845,-0.8502466,0.712847079052858,93.75493117315342,1.0516824138306902,1.0516824138306902,-0.33883533477783206
846,-1.0621635,1.380570797251528,93.83443552259013,1.5900869887340718,1.5900869887340718,-0.20951619148254397
847,1.5062563,2.5041825572275913,93.99308214329895,3.1729324141764437,3.1729324141764437,-0.6687498569488526
848,0.016853154,2.1977433108601643,94.14182422732188,2.974841680458553,2.974841680458553,-0.7770983695983887
849,-0.8544435,1.2960757574215562,94.24038533702752,1.9712221941128405,1.9712221941128405,-0.6751464366912843
850,-0.41417766,1.4943101552905091,94.3247666892325,1.6876270440997132,1.6876270440997132,-0.1933168888092041
851,-0.039357305,1.9177595475931526,94.4279244549966,2.0631553152819038,2.0631553152819038,-0.14539576768875123
852,-0.9629189,1.6776473327960502,94.53124858599111,2.0664826198901665,2.0664826198901665,-0.38883528709411624
853,-0.8252896,1.5823874228285717,94.6387496051962,2.150020384101765,2.150020384101765,-0.5676329612731934
854,1.3384289,0.623629965766463,94.70539835144747,1.3329749250254963,1.3329749250254963,-0.7093449592590333
855,0.8787275,0.7982199992376764,94.76475288482992,1.1870906676489312,1.1870906676489312,-0.3888706684112549
856,-1.519624,-0.35868555337411867,94.7833445623614,0.3718335506297876,0.3718335506297876,-0.7305191040039063
857,0.2968853,-0.12773273774865856,94.79844859472446,0.30208064726110706,0.30208064726110706,-0.4298133850097656
858,0.93422395,1.118180746912492,94.87404101219704,1.5118483494515544,1.5118483494515544,-0.3936676025390625
859,0.4544568,0.8645390463293324,94.9374611312463,1.2684023809850942,1.2684023809850942,-0.40386333465576174
860,-0.90917784,-0.3187485473183756,94.94466785127646,0.14413440060337734,0.14413440060337734,-0.46288294792175294
861,-1.1489213,-0.47115833982181815,94.94161009831735,-0.06115505918216968,-0.06115505918216968,-0.41000328063964847
862,0.81153685,2.0696463714316,95.060900000221,2.385798038072835,2.385798038072835,-0.3161516666412354
863,1.2026522,1.8334287711373576,95.17777455233377,2.3374910422555217,2.3374910422555217,-0.504062271118164
864,-0.92834735,-0.8233228638600963,95.16874926969832,-0.18050565270897323,-0.18050565270897323,-0.6428172111511231
865,0.6650914,-0.6530480079229278,95.17762399275341,0.1774944611017304,0.1774944611017304,-0.8305424690246582
866,1.1357818,1.6130285110957971,95.29217422011179,2.2910045471675744,2.2910045471675744,-0.6779760360717774
867,1.1508272,1.7449968020559823,95.39845372282369,2.125590054237989,2.125590054237989,-0.38059325218200685
868,0.31074303,0.3555114250572956,95.44445805861055,0.9200867157372272,0.9200867157372272,-0.5645752906799316
869,-1.1668924,-0.6964321871023685,95.43645142976233,-0.16013257696442906,-0.16013257696442906,-0.5362996101379395
870,-1.3395892,-0.6310281221234277,95.42809829683807,-0.16706265848512203,-0.16706265848512203,-0.4639654636383057
871,0.40053087,0.04346867879895622,95.45493651663999,0.5367643960383361,0.5367643960383361,-0.4932957172393799
872,1.172578,0.8565435896451049,95.54037960569866,1.7088617811734252,1.7088617811734252,-0.8523181915283203
873,0.47804296,0.11896766051044094,95.59184116087384,1.029231103503605,1.029231103503605,-0.9102634429931641
874,-0.35489583,-0.6525590372593684,95.56567805335692,-0.5232621503384394,-0.5232621503384394,-0.12929688692092897
875,0.25216618,-0.7796959728436492,95.57783124566627,0.24306384618711263,0.24306384618711263,-1.0227598190307619
876,1.2939321,1.3387383454330233,95.66997959730224,1.8429670327194003,1.8429670327194003,-0.5042286872863769
877,0.8388231,0.589915617447923,95.72307789244161,1.0619659027872785,1.0619659027872785,-0.4720502853393555
878,-0.81998855,-1.1307533787355966,95.69435977831058,-0.5743622826204842,-0.5743622826204842,-0.5563910961151123
879,0.54501754,-0.36349197684825185,95.69768818688013,0.06656817139088389,0.06656817139088389,-0.43006014823913574
880,1.0726938,1.0005839254956186,95.77050991321472,1.4564345266919076,1.4564345266919076,-0.45585060119628906
881,0.5665922,0.5788386394099234,95.81559678842252,0.9017375041560172,0.9017375041560172,-0.32289886474609375
882,-1.3370242,-1.811754399531742,95.75832783122517,-1.1453791439470251,-1.1453791439470251,-0.6663752555847169
883,0.48640534,-0.30633423347392186,95.75912465948564,0.01593656520924469,0.01593656520924469,-0.32227079868316655
884,1.1693374,1.2425419674855447,95.85437593531582,1.9050255166035868,1.9050255166035868,-0.6624835491180421
885,2.2698746,1.6796472225416892,95.97756384759036,2.463758245490908,2.463758245490908,-0.7841110229492188
886,0.06644356,0.7003619395168129,96.05404754648728,1.5296739779384438,1.5296739779384438,-0.8293120384216309
887,-1.0071582,-0.19830368083737543,96.0663859759174,0.24676858860232187,0.24676858860232187,-0.4450722694396973
888,-0.3182596,0.34035989439009884,96.0924699610849,0.5216797033500598,0.5216797033500598,-0.18131980895996094
889,1.3195982,1.5131506105858876,96.19210437311826,1.9926882406670643,1.9926882406670643,-0.4795376300811768
890,0.40477532,1.9147378085240347,96.30736241890182,2.3051609156712516,2.3051609156712516,-0.39042310714721684
891,0.86121535,0.979966314338003,96.38665656916004,1.585883005164419,1.585883005164419,-0.6059166908264161
892,-0.72535074,-1.29612045380527,96.36439382421025,-0.4452548989956995,-0.4452548989956995,-0.8508655548095704
893,0.21066147,-0.3756656655478082,96.38922804696008,0.4966844549966254,0.4966844549966254,-0.8723501205444336
894,0.71686906,1.6926239834421835,96.4921241346572,2.0579217539423666,2.0579217539423666,-0.36529777050018314
895,1.2123284,2.135680230844275,96.63648741799278,2.887265666711585,2.887265666711585,-0.7515854358673096
896,0.44370067,1.6902542939991234,96.77494214071123,2.7690944543689966,2.7690944543689966,-1.0788401603698732
897,-0.3843754,0.8577923626728079,96.84367192445995,1.3745956749744437,1.3745956749744437,-0.5168033123016358
898,-1.2082558,0.6227874870664777,96.90051314112132,1.1368243332273664,1.1368243332273664,-0.5140368461608887
899,0.8561651,2.6041824693003264,97.05108801537598,3.011497485093173,3.011497485093173,-0.4073150157928467
900,0.6451485,2.877137189952316,97.21164807998224,3.2112012921251676,3.2112012921251676,-0.3340641021728516
901,1.1027374,1.568680181057175,97.31163210066993,1.9996804137537083,1.9996804137537083,-0.4310002326965332
902,-1.0833068,-0.26913259474284823,97.34802944432145,0.7279468730305894,0.7279468730305894,-0.9970794677734376
903,-0.54679537,0.6237438564416379,97.40502338362639,1.1398787860986204,1.1398787860986204,-0.5161349296569825
904,0.6056794,2.9582588872505537,97.57530938201647,3.4057199678017014,3.4057199678017014,-0.44746108055114747
905,0.8330022,2.8222167115722185,97.72950472339151,3.0839068275008685,3.0839068275008685,-0.26169011592864994
906,-0.9709957,0.5036468604126867,97.79935009036082,1.3969073393860754,1.3969073393860754,-0.8932604789733887
907,-1.355774,0.3694031209310765,97.8453729631394,0.9204574555715794,0.9204574555715794,-0.5510543346405029
908,0.38584608,2.2053587217668222,97.99718181280959,3.036176993403785,3.036176993403785,-0.830818271636963
909,1.5833683,2.8508511896383313,98.16220948781961,3.300553500200465,3.300553500200465,-0.44970231056213383
910,0.7621378,1.368902533108735,98.26988290121821,2.1534682679720163,2.1534682679720163,-0.7845657348632813
911,-0.7903671,0.0947600206547008,98.29092189283246,0.42077983228494986,0.42077983228494986,-0.32601981163024907
912,0.67761636,1.556838727788636,98.38686307882325,1.9188237198159186,1.9188237198159186,-0.36198499202728274
913,0.8607168,3.3241460605073483,98.57510504838686,3.764839391272119,3.764839391272119,-0.4406933307647705
914,0.5467944,3.20191315744039,98.75716786457645,3.6412563237917084,3.6412563237917084,-0.43934316635131837
915,-1.834146,1.1350739309656432,98.85079108941834,1.8724644968378357,1.8724644968378357,-0.7373905658721924
916,-1.0100104,1.313351923890832,98.93200340054055,1.6242462224442988,1.6242462224442988,-0.31089429855346684
917,0.4122662,3.133073151201631,99.10238940558904,3.407720100969698,3.407720100969698,-0.2746469497680664
918,0.43274313,3.548558754146484,99.29902781301911,3.93276814860144,3.93276814860144,-0.38420939445495605
919,0.51316255,2.2972027373301445,99.44156234592367,2.8506906580912528,2.8506906580912528,-0.5534879207611084
920,-1.3225328,-0.020311796852195085,99.49313234358259,1.0313999531783224,1.0313999531783224,-1.0517117500305175
921,1.0879127,1.7505768865126015,99.61259771659093,2.3893074601667763,2.3893074601667763,-0.6387305736541748
922,1.4176368,3.51744919383957,99.82943943840601,4.336834436301729,4.336834436301729,-0.8193852424621583
923,0.80446005,2.1986164419721264,99.97284093406572,2.86802991319405,2.86802991319405,-0.6694134712219239
924,-1.1337568,0.2802181524214347,100.01149415898186,0.773064498322924,0.773064498322924,-0.4928463459014893
925,0.5742792,1.1933994635777823,100.10897951940974,1.9497072085576406,1.9497072085576406,-0.7563077449798584
926,1.0635275,2.7450075090382713,100.26995434592672,3.2194965303395406,3.2194965303395406,-0.4744890213012696
927,1.7028344,1.5185329145862965,100.38910053892776,2.382923860020867,2.382923860020867,-0.8643909454345704
928,-0.8893423,0.2878743320841749,100.43151232241506,0.8482356697459181,0.8482356697459181,-0.5603613376617432
929,1.5827057,1.026457922330303,100.50400132141777,1.449779980054302,1.449779980054302,-0.42332205772399906
930,1.4097792,2.281516531723992,100.63774194459478,2.6748124635400927,2.6748124635400927,-0.3932959318161011
931,1.6054122,1.5838767216343057,100.75369876209129,2.3191363499302042,2.3191363499302042,-0.7352596282958985
932,-0.7488513,0.3814330148068279,100.79708905067953,0.8678057717648358,0.8678057717648358,-0.48637275695800786
933,-0.8868403,0.1992085621855949,100.82089674164816,0.4761538193724846,0.4761538193724846,-0.27694525718688967
934,1.0107244,1.6371784016190984,100.95077479434325,2.5975610539018135,2.5975610539018135,-0.9603826522827149
935,0.67493653,2.7056094294878905,101.10608830586433,3.1062702304217282,3.1062702304217282,-0.40066080093383794
936,0.5501521,1.4849061553439697,101.18676048564653,1.6134435956439575,1.6134435956439575,-0.1285374402999878
937,-0.12048823,-0.5653040676246861,101.19730503949796,0.2108910770286343,0.2108910770286343,-0.7761951446533204
938,-0.77342,0.6081793294438398,101.23664287354866,0.7867566810139692,0.7867566810139692,-0.1785773515701294
939,1.5189745,1.3317574631675142,101.33556953760059,1.978533281038608,1.978533281038608,-0.6467758178710938
940,0.8167703,1.2835501999359393,101.41611960786007,1.6110014051895405,1.6110014051895405,-0.3274512052536011
941,-0.77748823,-0.43741085237002153,101.41925565751528,0.06272099310422163,0.06272099310422163,-0.5001318454742432
942,-0.34758124,-0.10698297699851766,101.43560342906025,0.3269554308994316,0.3269554308994316,-0.43393840789794924
943,0.76848286,1.0368441221437252,101.51207367357381,1.5294048902711666,1.5294048902711666,-0.49256076812744143
944,0.49280202,0.9865797736637774,101.58798491523628,1.5182248332493486,1.5182248332493486,-0.5316450595855713
945,-1.4776229,-0.5158710338693027,101.58281345006777,-0.10342930337003509,-0.10342930337003509,-0.4124417304992676
946,0.3423661,-0.05577596689440728,101.59988948984638,0.3415207955720234,0.3415207955720234,-0.3972967624664307
947,0.7907986,1.1596172491194465,101.67541532758311,1.510516754734681,1.510516754734681,-0.3508995056152344
948,1.1072725,0.9770332703081634,101.75967444368183,1.6851823219744233,1.6851823219744233,-0.7081490516662599
949,-1.1620219,-1.1344945155242159,101.72716780510197,-0.6501327715972138,-0.6501327715972138,-0.484361743927002
950,-1.6591368,-1.5041137587299092,101.7090463866891,-0.3624283682574969,-0.3624283682574969,-1.1416853904724122
951,1.127659,0.7614973391634521,101.77285665813869,1.2762054289919433,1.2762054289919433,-0.5147080898284913
952,0.49594325,0.9533778806901978,101.84035459293897,1.3499586960054444,1.3499586960054444,-0.3965808153152466
953,0.9743062,0.6098814576365044,101.90459241686983,1.2847564786173393,1.2847564786173393,-0.674875020980835
954,-1.4390073,-0.47949435987924294,101.90749471112868,0.05804588517690945,0.05804588517690945,-0.5375402450561524
955,0.77716833,0.4945264222716673,101.950344129662,0.8569883706664427,0.8569883706664427,-0.3624619483947754
956,1.2219062,1.2110815720838901,102.04939984763234,1.981114359406888,1.981114359406888,-0.7700327873229981
957,0.7981019,0.9543621843661412,102.13151050922644,1.6422132318820104,1.6422132318820104,-0.6878510475158692
958,-0.7102763,-0.7826664110584716,102.11459713267377,-0.33826753105358875,-0.33826753105358875,-0.4443988800048828
959,0.037015542,-0.11617606098847094,102.12489529755037,0.2059632975320369,0.2059632975320369,-0.32213935852050785
960,0.15689528,1.4122732223953336,102.21454982456827,1.79309054035798,1.79309054035798,-0.3808173179626465
961,1.9155182,1.283645218948982,102.30963165311978,1.9016365710302807,1.9016365710302807,-0.6179913520812989
962,-1.3572748,-0.020680158446612085,102.35081424656921,0.8236518689886907,0.8236518689886907,-0.8443320274353028
963,-1.5700665,-0.3362118528640281,102.36201401273644,0.22399532334446803,0.22399532334446803,-0.5602071762084961
964,1.531483,0.6578717844154539,102.42340513813961,1.2278225080635252,1.2278225080635252,-0.5699507236480713
965,1.5768093,1.211523838500409,102.5130492064036,1.7928813652795839,1.7928813652795839,-0.5813575267791748
966,-0.6275392,0.647877646808638,102.56954996082578,1.1300150884437699,1.1300150884437699,-0.48213744163513184
967,-1.5284352,-0.13973788472915205,102.58302426348874,0.2694860532591292,0.2694860532591292,-0.40922393798828127
968,0.5345748,1.1427842164883373,102.65466638707294,1.432842471683955,1.432842471683955,-0.2900582551956177
969,0.962125,1.8649834631231443,102.76803057335165,2.267283725574316,2.267283725574316,-0.4023002624511719
970,0.89937556,0.7355639200533346,102.84068539155433,1.4530963640535788,1.4530963640535788,-0.7175324440002442
971,-1.5223219,-1.9555844968349676,102.79916510264093,-0.8304057782680729,-0.8304057782680729,-1.1251787185668947
972,-0.7874089,-0.26204528707747843,102.81986336395234,0.41396522622818566,0.41396522622818566,-0.6760105133056641
973,0.860818,2.1900369215408775,102.96901795336892,2.983091788331649,2.983091788331649,-0.7930548667907715
974,0.92838365,2.402293578189949,103.13123509313962,3.2443427954140702,3.2443427954140702,-0.8420492172241212
975,-0.12291467,1.5622787488421523,103.22742862853171,1.923870707841786,1.923870707841786,-0.3615919589996338
976,-1.0625114,0.5714584225193107,103.27188272088418,0.88908184704934,0.88908184704934,-0.31762342453002934
977,0.20372546,1.6341241898589032,103.36328714729225,1.8280885281615156,1.8280885281615156,-0.1939643383026123
978,0.53309953,2.631532036786962,103.5100322156996,2.934901368146825,2.934901368146825,-0.3033693313598633
979,0.39066058,2.2640453665269207,103.6593958781452,2.9872732489121745,2.9872732489121745,-0.7232278823852539
980,1.2025616,2.0307058025727427,103.78008567281142,2.413795893324391,2.413795893324391,-0.38309009075164796
981,-0.83218086,0.5491815108483706,103.83844562010754,1.1671989459222232,1.1671989459222232,-0.6180174350738525
982,-1.3230355,0.1634536998595194,103.88659282530696,0.9629441039885478,0.9629441039885478,-0.7994904041290284
983,1.2813227,3.2195914116167956,104.06168772467656,3.501897987391942,3.501897987391942,-0.2823065757751465
984,0.68152034,1.9140977511055097,104.19605305982934,2.687306703055583,2.687306703055583,-0.7732089519500733
985,-0.5933669,1.670253505049527,104.2914584734241,1.9081082718952302,1.9081082718952302,-0.23785476684570314
986,-0.5875716,0.9471788077928182,104.36488152838436,1.4684610992051716,1.4684610992051716,-0.5212822914123535
987,1.1411017,2.306902564473353,104.50410598915045,2.7844892153217415,2.7844892153217415,-0.4775866508483887
988,0.4646684,2.5550208907222896,104.6526533445882,2.9709471087551265,2.9709471087551265,-0.4159262180328369
989,-1.2359221,0.8344853441134774,104.75013116232336,1.949556354703077,1.949556354703077,-1.1150710105895996
990,0.7420913,1.1570023666842983,104.84167434153251,1.8308635841830778,1.8308635841830778,-0.6738612174987794
991,1.8079257,1.8376370691485704,104.98756672927644,2.917847754878551,2.917847754878551,-1.0802106857299805
992,1.2033424,0.8672810605413133,105.08100282286136,1.8687218716985399,1.8687218716985399,-1.0014408111572266
993,-0.88856685,0.2522448927880987,105.13305000116318,1.0409435660363897,1.0409435660363897,-0.788698673248291
994,0.96439296,0.9176059279463175,105.2015497667263,1.3699953112623575,1.3699953112623575,-0.45238938331604006
995,1.6344604,1.379840854150859,105.29909096562281,1.9508239779301562,1.9508239779301562,-0.5709831237792969
996,0.90711725,1.51714532718496,105.40163132648355,2.0508072172148673,2.0508072172148673,-0.5336618900299073
997,-0.6814206,0.6614942406871136,105.451372086091,0.9948151921489057,0.9948151921489057,-0.333320951461792
998,-1.526674,-0.4720991296212673,105.48372879571711,0.6471341925222873,0.6471341925222873,-1.1192333221435546
999,0.44198632,2.134742308866419,105.61773658825012,2.680155850660242,2.680155850660242,-0.5454135417938233
1000,0.9874441,2.3941348181556577,105.75988662845143,2.843000804026019,2.843000804026019,-0.44886598587036136
